8193 0.0
24578 0.00018476677458044305
8195 0.0009620008506356499
16389 0.005881327921577512
8198 0.00016925050991064346
24583 0.0
8200 0.0
16393 0.0
24587 0.0
24589 0.00013632214052288697
8206 0.0
8208 0.0005160672379325009
24593 0.0
8211 0.0
6830 2.2246178606222628e-07
22 0.0022898677036023423
8215 0.0
24 0.00048111618955977865
24601 0.0
26 0.0
8219 0.0
29 0.0
16414 0.007552099805876409
16415 0.0
8224 6.686762025246264e-05
6832 0.0
8730 0.0
24582 0.0
24614 0.0013309424560334663
8231 0.0
24616 0.0
24617 0.0
24620 0.0004421424555110387
16429 0.0007863984686326776
46 0.0
21853 0.0006725846215500413
16433 0.00016035276914628236
23219 0.0
8254 0.003935197560938163
65 0.0008318251505076373
8261 7.807264523955647e-05
70 0.0
71 0.0
75 0.0
78 0.00039696369210855624
80 0.0
81 0.0
16469 0.0029700820347669187
16471 0.0
8280 0.0
17764 0.00015499218422215073
8282 0.0
16475 0.0
93 0.0005645265136802449
95 0.00048111618955977865
24592 0.0
16482 0.002758763197168436
16483 0.0
16485 0.0
16486 0.0
106 0.002892738662390764
8299 0.0
8301 0.0
16495 0.0001646218052576023
16496 0.0
113 0.00048111618955977865
16498 0.0006472966780854294
24595 0.0
6711 0.0
10942 0.0052148149757296515
8310 0.0
13673 0.0019675000496846605
24696 0.016176715457001375
16505 0.0028833399743420133
16506 0.0
24699 0.0021923338700405417
124 0.0
1386 0.0005807026840037645
16511 0.0007062505178395576
128 0.00011408552537381833
24705 0.0002609604064609037
24706 0.0
24708 0.0
135 0.002630179042585769
24713 0.002712031315216224
140 0.0008642083122426966
141 0.0
24718 0.0030053302582383674
8335 0.006161346478561855
8216 0.0
24722 0.0
8340 0.00012721072042318681
24726 0.0
24731 0.0
24734 0.0
16543 0.0026754869366547238
8352 6.991511169746551e-05
16545 0.0
27 0.0
164 0.0
165 0.0
16553 0.0
16554 0.0
1915 0.0
8365 0.0018734486720428322
8367 0.0
8369 0.0
178 0.0014005574942681483
16563 3.4729272586124544e-07
16565 0.0
8374 0.0
8375 0.0
16568 0.0007495134244510474
185 0.0
16570 0.0001602562989446542
24765 0.0009620008506356499
16575 0.004736388772874967
192 0.0010046938569457948
193 0.0
8386 2.701165645587464e-07
195 0.0
197 0.0
8391 2.3687246428430927e-06
200 0.0
205 0.002259228809995912
16590 0.0
10918 3.8578666887084355e-05
10967 0.0
16594 0.00021391915262213755
8403 2.520130144734373e-05
214 0.002172899626497604
215 0.0
8408 0.0006540043804556069
5543 0.0
16607 0.000704461448566016
16608 0.0
23248 0.0
16611 0.0
231 0.012272472207248523
232 0.0
1404 0.0
24615 0.0
238 0.0009620008506356499
9597 0.0
16624 0.0
24819 5.145077420166599e-08
244 0.0003393388310095021
245 0.0
8441 0.0
8442 0.0
252 0.0
253 0.0
8446 0.0009620008506356499
8448 0.0
24833 0.004731823121661637
24835 0.00039355939608524146
16644 0.0
2774 0.0
16647 0.0020982208305051096
8457 0.0
8458 0.0
267 5.788212097687424e-08
24845 0.00024074634948763793
16654 3.6573676505808373e-05
45 0.0014730919718083239
272 2.3152848390749696e-08
16659 0.0
20526 0.00048111618955977865
8471 0.008855912524393869
281 0.0017416856549916798
283 0.0
24860 0.0005268640930218
24861 0.0
16674 0.0029295491194879075
16675 0.0
16676 0.0
5510 0.0014853084305269234
24870 7.7272703899341e-05
299 0.0008555969807315858
16696 0.0
24877 0.0016281793062505826
302 0.0
24885 0.0009732675552201686
16694 0.001031869331213202
8503 0.004093027223417951
8504 0.0
8505 0.0
10376 6.68876197874917e-05
315 0.0
8511 0.0012513389857982738
320 2.9417380370747608e-05
8513 0.0
16708 0.0003812639877738179
8517 0.00026279373644291196
8520 0.0
17804 5.788212097687424e-08
8523 5.2393648884340856e-05
16717 0.0004511512208709038
8526 0.00024050021265891247
16719 0.0
16722 0.0
339 0.007712972922383985
16726 0.0
16727 0.0
14414 0.0009620008506356499
345 0.000403653840384883
16730 0.0
5519 0.0017250891133176454
24924 0.018212783175810494
8541 0.0013294972645890102
351 0.0
352 0.0
9616 0.0013388355154035927
8547 2.659466273797632e-05
24932 0.006714557561801319
8549 0.0
358 0.0
16743 0.0
8552 0.0005642548370170459
8553 0.0
16747 0.0009620008506356499
364 0.00020957921341016063
16749 0.0
24942 0.0
24943 0.0
24944 0.0
369 0.00016035276914628236
16754 0.00015126437750340104
16755 0.0
16756 0.0
62 0.0031644867760359983
375 0.0
24955 0.0007469273695391123
380 0.0
16765 0.0015742547807283194
16766 0.0
24959 0.0
24960 0.0
385 0.00011540818922790397
16770 0.0
8579 0.0005696963193217375
392 0.0
16778 0.0007694979215464624
16779 0.0
396 0.0011977623068921003
8589 0.00013617220808278115
18724 0.0
8592 0.00043530221908670515
8593 0.0
8595 0.0
8596 0.0
5529 0.0014426539832276136
408 0.00048111618955977865
409 0.0
6895 0.0
414 0.0
16800 0.0
16801 0.0
16803 0.0
8612 0.007576498877519483
8614 0.0
25006 0.02079656775668322
9629 0.0024300039100892375
16817 0.0006817824068166453
16819 0.0
8629 0.0
8630 0.0
17823 0.0
16831 0.0
449 0.009952337753464038
450 0.0
8643 0.0
16837 0.0
25034 0.01321119536940199
20557 0.0
25043 0.0007925724104110032
16853 0.0
17828 0.0
8666 0.0058524121912165005
25053 0.0004524500228535732
8672 0.0
25057 0.0
482 0.005651373304607917
25060 0.0
8678 0.00048111618955977865
8680 3.3937253891113175e-05
491 0.0014313828113990145
492 0.0
12370 0.0
495 0.0
16881 0.0
16882 0.0
500 0.0005096846699242291
16888 0.0
16889 0.0
16890 0.0
8701 0.004393697697641526
25086 1.2734066614912332e-06
25089 0.0009620008506356499
16899 0.0027799436879037145
16900 0.0
25094 0.0
6913 0.0
16906 0.001089209057846345
8279 6.51154470250914e-05
25102 0.0024666710389028637
88 3.6573676505808373e-05
25107 0.0009621166148776035
25108 0.0
8726 0.0
25111 0.0007543282827742071
25112 0.0
16921 0.00104606858318964
25114 0.0
8732 0.0
543 0.006865336708969235
8737 0.0
546 0.00048111618955977865
547 0.0
25125 0.0006591044797149537
8742 0.00010340883455004024
16935 0.00016837908726570464
16937 0.0
2823 0.0
16940 0.0
16941 0.0
16945 0.0
25138 0.0
13385 0.0
25143 0.00014100897170296562
16953 8.16928188684487e-06
570 0.004430756449217714
16955 0.0
573 0.0006382916553065965
574 0.0
8768 0.003362362020527872
16962 0.0
16963 0.0
580 0.0
25158 0.0017840459430610634
16967 0.0017674978808937057
16976 0.002526698974503323
593 0.00241786230901029
8786 0.0010611631970640497
8787 0.0
25172 0.004353430474834739
25176 0.0
25179 0.0
25180 0.0
25181 0.0
8801 1.1576424195374848e-07
16994 0.017247242936108433
25189 0.00048111618955977865
615 0.005710137982207227
17001 0.00022721427039792182
17006 0.0024032656629598185
8815 0.00048111618955977865
624 0.006900246043979134
25201 0.0007606294987169223
15123 0.0009620008506356499
25204 0.0
25205 0.0
12296 0.0
8823 0.002035228358628615
17016 0.0
25209 0.00039713129890260027
17019 0.0
8298 0.0026100896422808885
17022 0.0
639 0.0007130704962265202
25217 0.0
25219 0.0
25220 0.0
15126 0.0
5477 0.00048111618955977865
25225 0.0021063521198484863
25228 0.0
25229 0.0
17038 0.015449770725850994
17039 0.0
25234 0.0
25235 0.0
25236 0.0
7093 0.0
8854 0.0009621166148776035
8857 0.0002403844484169587
8862 0.0013763451729613479
8864 0.0
25250 0.001227337854662251
25251 0.0
676 0.015619626357301627
677 0.0
8870 0.0
8305 0.0
8876 0.0004813187769831977
114 0.0
8879 2.2246178606222628e-07
17075 0.007398636629435921
25271 0.006406500084477553
8888 0.0
17082 0.0027469000868151007
17086 0.00048111618955977865
20597 0.0
17089 0.0011786919090672559
17090 0.0
25286 0.0032657216795916617
25289 1.3827395566697738e-06
715 0.0011122468817748538
8312 0.00048111618955977865
8916 0.0038419521046447916
727 0.002831288288467341
25304 0.0007089505734802057
17113 0.005266504909582648
8922 0.0
731 0.0
17116 0.002160334401219877
733 0.0
17118 0.0
8928 0.0
17121 0.0
17122 0.0
123 0.0
25316 0.0019446646712652533
17125 0.0
17126 0.0
743 0.002216115933071822
25321 0.0
17131 0.0001563844421811484
748 0.0
749 0.0
750 0.0
751 0.0
17137 0.0
17875 0.0
10807 0.0
17149 0.005283943059736895
21848 0.0
25346 0.00337057423947839
17156 0.0
773 0.001507495995635233
17158 0.0
16513 0.0
8968 0.008535972824212779
17161 0.0
778 0.0
17163 0.0
8972 0.0003515370998032594
8973 0.0
25358 0.0
25359 0.0
8976 0.00048111618955977865
8978 0.0
17172 0.0006472289759999084
17174 0.0
17180 0.0
17182 0.0
25378 0.006882417510941291
17187 0.0015202734679334558
17189 0.0
25382 3.0304353653450247e-05
25383 0.0
17192 0.0
17194 0.0014426539832276136
811 0.004343857260071592
23346 0.0
25396 0.0049037180856199465
16521 0.00101597775412039
824 0.0006649471409778861
9017 0.009283304751268094
9018 0.0
9020 0.0
9021 0.0
9023 0.0
832 0.0
9025 1.3827395566697738e-06
834 0.0
9027 0.0
836 0.0
9030 0.0009620008506356499
839 0.0
25419 0.00020127302420549242
17228 0.006721074995292967
9037 0.0032947947480686268
17231 0.0
17233 0.0
851 0.0022053418287808955
853 0.00047018922151277365
855 0.0
17240 0.0
25435 0.0019230755873356697
25436 0.0
17245 0.002241616497118467
25439 0.0
17248 0.0010943946360859721
17249 0.0
17250 0.0
25443 0.0
869 0.0
25449 0.0
9066 0.0008262914663300834
880 1.7364636293062272e-07
17266 0.003349846848059677
9075 0.0
884 0.0
885 0.0
887 0.0
888 0.0
17273 7.561477384995446e-05
9082 0.002710345440870306
17275 0.0
25469 0.0012215836669969506
894 2.548881389675528e-05
896 9.732079932141797e-05
9090 0.004025745898079299
899 9.177108334771164e-05
9092 0.0001686577544338895
17285 0.0025780316502059227
17286 0.0
9095 0.0
25480 0.0005901445790407979
17289 0.0
9098 0.0
9099 0.0
17294 0.0
9103 0.0
17297 0.00048111618955977865
914 0.0
25491 0.0
1667 0.0009699141899245726
920 0.00010329801956918616
921 0.0
17306 0.0005432587369103565
17308 0.0
17309 0.0
1520 0.0
930 0.00048111618955977865
9124 0.011477430123918995
9125 0.0
934 0.0012375198327676156
9127 0.0
9128 0.0
937 0.0005553155082234689
938 0.0
939 0.0
25516 0.002062889174382769
941 0.00047893067676593786
9135 0.0
17330 0.0014536500018275421
17331 0.0
950 0.0010252607446660051
9143 0.0003832331583798499
25528 0.0
17337 0.0003680678982932604
9147 0.0
17341 0.0
25534 0.0
17343 0.0
17345 0.0
25540 0.0024037287199276335
25541 0.0
3851 0.0
17359 0.002758416328355017
25553 0.0
25554 0.0
163 0.0
25557 0.0009620008506356499
9721 0.00048111618955977865
25562 2.403048872242102e-05
25565 0.0009654789613810117
20645 0.0
9184 0.0074373197918495325
25569 0.0022042978496107667
17379 0.005496991408815549
9188 2.8726569499481477e-05
17382 0.0
25575 4.3983610485106446e-05
1000 0.023141072027860952
17385 0.003298744648772555
9194 0.00022752463520932028
20647 0.0006860020127437699
4125 0.0009714543609709277
17389 0.0
25582 0.0028841503240356896
1008 0.0
25585 0.0
17394 0.0
17395 0.0
17396 0.0
25589 0.0
1014 0.0
9207 3.1934193816178096e-05
9208 0.0
9209 0.0
17403 1.1576424195374848e-07
25597 0.0
25598 0.0
1023 0.005016779931782007
9216 0.0
25601 0.0
1026 0.0
1028 0.0014426539832276136
1029 0.0
17414 0.0032713546789676124
25607 0.0021019723251012984
25610 0.0
17419 0.004991330288395661
22018 0.0015679898808662464
25615 0.0
17426 0.0
1044 0.0013070008268218903
1045 0.0
1048 0.0
9241 0.00776223366930661
25628 0.0
17439 0.004633966698128099
9248 0.0008469242316172639
9249 0.0
1058 0.001634662228592527
17443 0.00077293886778178
24753 0.006436609255638415
5639 6.274939159237772e-05
25644 0.0
9264 0.005758113394779449
25649 0.0
1074 0.0
179 0.0
9269 0.0
1078 0.0001780265933083758
17463 0.0
17464 0.0
17465 0.0
17467 0.0
25660 0.00015911447445207018
25661 0.0
25663 0.0
17472 0.0
1090 9.403457038583619e-05
9283 0.0032817938221082824
25668 0.0
1093 0.0
25674 0.0
183 0.0
1101 0.0
1104 3.979344187418787e-05
8376 0.0
2915 0.00014122531655480145
25684 0.0007904750358218722
1109 0.0
9306 0.00501680968925419
1116 0.0038876529401276083
24762 0.001583421313798802
17502 0.0
19301 0.0
9312 0.00024050021265891247
9313 0.0
25698 0.006639940971252395
4283 0.0
1124 0.0013635868862355814
1125 0.0
20668 0.0
9325 0.0010329397518222196
25710 0.0005507454119705893
9327 0.0009620008506356499
15665 0.0
25718 0.0
9335 0.0
25721 0.0
9338 0.0
1149 0.004076929163799104
1150 0.0
1151 0.0
17536 0.006382358869298776
25729 0.001095842915326577
17538 0.0
1157 0.0
17543 0.0007947850134276556
17546 0.0
5655 0.0009653544216919898
9360 0.0067565679743746875
8387 0.0
1172 0.0028846762954973172
1174 0.0
17559 0.0025359305164532773
17564 0.0
25758 0.013189525234998547
17569 0.0
1186 0.0015832971791649168
9755 0.00746837474060039
17575 0.0
9387 0.0
17580 5.145077420166599e-08
9389 0.0
9391 0.0
17584 0.0
25777 0.001242478212015046
9397 0.0017979029311359378
17590 0.0
25783 0.00013738966023917767
17592 0.0
25785 0.0
17599 0.0
17600 0.0
1217 0.010664940500804158
17603 0.00013452156981187308
9413 6.638965148012406e-05
9414 0.0
12043 0.0
9417 7.301427371241745e-05
9419 0.0
17612 0.004668947023595643
1229 0.0017909930302593294
24781 0.002588984912161607
13680 0.0
9426 0.0009621166148776035
22051 0.00038989955476332065
8398 0.00048111618955977865
9432 0.000855904495614184
9433 0.0
17626 0.006933162782523767
9439 0.00013775455057895672
1248 0.0002480054847424283
9441 0.0
25827 5.9280624528673576e-05
25829 0.0
1254 0.00018572561430607563
19324 7.605866314682856e-05
1258 0.00033782225287905964
25836 9.421612461228777e-06
25839 0.0
1265 2.4561167698978626e-05
9458 0.00018420218430293008
1267 0.0
25844 0.0
17655 0.02861064875068987
25849 0.0
25850 0.0
23423 0.00042090345341387977
1278 0.0018522318816006121
9471 0.009656353131866432
1280 0.0
17665 0.00022118462414353975
16598 0.001442885511711521
17670 2.866168172324275e-05
25863 0.0
25866 0.0
9483 0.0
25868 0.0
1293 0.0
25870 0.0
26157 0.0
9488 0.0
17681 0.001416705542246718
17683 0.0
25877 0.0
17688 8.044267139227076e-05
5355 0.0
17692 2.2246178606222628e-07
23304 0.0
1310 0.002419904807424436
11141 0.00016689461872862116
9504 0.0
25891 0.0
9511 0.000572430712018047
25896 0.0021688290982946837
1321 0.0005327385740120425
1322 0.0
1323 0.0
9517 0.0
25902 0.002249224629544853
25903 0.0
25904 0.0
25272 0.0
9522 0.003531546068918015
25910 8.175060828331427e-05
25911 0.0
17721 0.005113957679308201
1339 5.579123882868207e-05
25916 0.004302891078117425
25917 0.0
1343 0.0
17729 0.00027022063829453864
17731 0.0019462886883316363
1350 0.0
6010 0.0
11148 0.0001068172794559525
17738 0.01026507657590578
25931 0.002450874369253695
1356 0.0004001502665192028
25934 0.00048111618955977865
7053 0.0
25937 9.587558563518961e-05
17746 0.00133484006111553
25940 0.0028832242101000595
17751 0.0
17754 0.00048111618955977865
17755 0.0
25948 0.00032743054433349687
1373 0.0030953093396222484
1375 0.00048111618955977865
26171 0.0
9572 0.04083543405882205
25959 0.0
25962 0.0
4319 0.00024050021265891247
17981 0.0
17778 0.0005738852139168962
9593 0.00048111618955977865
25978 0.0
1403 0.0023047710500832762
25980 0.0
1405 0.0
1407 0.00012544124235887153
1408 0.0
26176 1.972986644372941e-05
17794 0.00016706222804871264
25988 0.0
17797 0.0
17800 0.002931077897772361
25996 0.0004355936173956787
5230 0.000644425182347474
25998 0.0001594743881048177
17807 3.6573676505808373e-05
17808 0.0
1425 0.0014614507849286882
1427 0.00048111618955977865
26004 0.0007543176167627634
26005 0.0
1430 0.0
17817 0.0011206342291456423
17818 0.0
17819 0.0
1436 9.098169656320481e-06
26013 0.0004356701054615174
9631 0.0
17824 0.0
17825 0.0
9634 5.788212097687424e-08
17827 0.0
26020 0.0
26021 0.0
9639 0.004836411904924375
9643 6.139352689918462e-05
19143 0.0
9647 9.102712515862139e-07
9649 3.1236701646221915e-05
17843 5.1280992345187045e-05
26038 0.008471094328801781
26039 0.0
9656 3.6573676505808373e-05
17850 0.0
9659 0.00039048763519380187
26044 0.0
17854 0.0
8437 0.0
4265 0.0
26051 0.00048111618955977865
17861 0.0
17864 0.0
26058 0.0014426539832276136
26059 0.0
1613 0.0
1488 0.026298635723499404
26065 0.003539933814054843
17874 0.0009985822730599662
26067 0.0
1493 0.0005344938225958562
17878 0.0
1497 0.00048111618955977865
1498 0.0
1499 0.0
17884 0.0
1508 0.0
23462 0.0
1511 0.00048111618955977865
26088 0.0014480084124057335
9710 0.0077111637305609755
1519 0.0
9712 5.783950062911816e-05
9713 0.0
26098 0.0014050990960413755
26100 0.0
17911 0.003908057987971672
14781 0.0
9722 0.0
9723 0.0
17918 0.0014426539832276136
16640 0.0017961263104756297
17923 1.350176732373158e-05
9732 8.012890809059805e-05
12545 0.02310314034629947
9736 0.0
1545 0.007621276490294108
16729 0.0
17932 0.003679629693264301
1550 0.0
26127 0.0014580123249649415
17937 0.0
26130 0.0
17939 0.0
17944 3.4355019089985254e-05
8452 0.0
26138 0.0
1563 5.145077420166599e-08
26141 0.0
9758 0.00048111618955977865
9759 0.0
18723 0.00048111618955977865
17953 0.0
9763 0.00032540525402140636
9764 0.0
9769 0.0
9773 0.0
26159 0.0
17968 0.0007394095689863658
1588 0.011926070806048204
25379 0.0
24841 0.003364456163901792
26168 0.0
9785 0.011532956360201421
26170 0.00020478100123598296
17979 0.0008545534478554406
26173 0.0
1599 0.0
17984 0.00041622364410841506
26178 0.0
17988 0.0
26181 0.0
1606 6.774754024039071e-05
17991 0.0
9800 0.0008557055388750875
17994 0.0
1611 0.0
17997 3.192768954665333e-05
26190 0.0009327697608559891
17999 9.252500434767965e-06
18000 0.0
18001 0.0
26194 0.0
5731 0.0
26196 1.5261805968672906e-05
13641 0.0
18008 0.00048111618955977865
18013 0.00022721427039792182
7594 0.0
9829 0.007594833250204677
23241 0.0
18030 0.0016893520226622333
18032 0.0
18037 0.0
13929 0.03918809074156525
18042 1.7364636293062272e-07
3007 0.0
1662 0.0
23488 4.3983610485106446e-05
18051 0.003573144907662286
18052 0.0
9862 0.0025435050164885837
9863 0.0
1672 4.007400680543697e-05
5740 0.0
1674 0.0003350317050983154
9867 0.0
9869 3.0066281945316283e-05
9870 0.0
18065 0.0015425911135737416
18066 0.0
18067 0.0
1685 0.0021141686435404428
15300 0.006782407172666561
1694 0.0017558765050331088
4148 0.0
1696 0.0
9889 0.012085302498618954
9890 0.0
8475 0.0
9892 0.0
9893 0.0
9895 0.0
18088 0.0017250103507858926
8476 0.0
18091 0.0
2239 0.002604788851387259
18094 0.00048111618955977865
18095 0.0
18097 0.0
9907 0.0010478324716743993
18102 0.0
15305 0.0019230755873356697
18105 0.0
9915 0.0
18109 0.0007395300020765189
1653 0.004090813735348904
1728 0.0
9922 0.0
9924 5.822261678721827e-06
1736 0.0011647399202422547
18122 0.0025974708659695814
18125 0.0
9937 6.498510353282241e-05
9943 0.00047117441624098264
9944 0.0
9946 0.0
15311 0.0009379837170318579
18140 0.012802348446647233
1658 0.001752131200462305
11788 0.0
18143 0.0
18145 0.0
1765 0.003498325746844757
18152 0.0
18154 0.0
9964 0.0001659836076014007
18158 0.00018765845849034443
18159 0.0
1776 0.0
18161 0.0
9974 0.00048111618955977865
5631 0.0
9979 0.0
9980 0.0
18174 0.0
9983 0.0
9984 0.0
1793 0.0
9986 0.0
9987 0.0
1796 0.0
18182 0.0007744812177538473
9993 0.00020343497329414724
18189 0.0
10000 0.0
18193 0.0010380357729097812
13955 0.002031041743399971
10004 0.001562507125905909
23513 3.858808065124949e-08
1817 0.001442885511711521
1818 0.0
20783 0.0
284 0.0
1822 0.0
1823 0.0
18208 0.018994149203404316
1825 0.0
18210 0.0
1829 1.1576424195374848e-07
10022 0.0024032656629598185
18215 0.003702475622114309
1832 0.0
18217 0.00017269487094384757
1834 0.0
18222 0.0014426539832276134
1839 0.0
1840 0.0
1841 0.0
18227 0.0011744133864706454
10039 0.0019216737584118856
10041 2.3152848390749696e-08
18234 0.0
19423 0.011277515270277953
18237 0.0
1854 0.0017128349961975742
1855 0.0
1857 0.0
1858 0.0
1675 0.0
1860 0.0
18246 0.0
10055 0.009695797075861795
1153 0.0
18250 0.0
10062 0.0009549757896836451
18256 0.0008373335725157433
312 0.0
1877 0.0021329723735272277
24340 0.0016543522281072915
1879 0.0
1880 0.0
25977 0.0
10081 0.001923422880061531
18275 0.0
18276 0.0
18278 0.0
4836 0.0
1896 0.003363744551625578
1897 0.0
18282 0.0
18283 0.0
13970 0.0
18286 0.0011550031611073787
10096 0.008210148207856907
4868 0.0017949479859101225
1910 0.0
19433 0.0020647727248775914
18297 0.0015865818629928446
1914 0.0
18299 7.717616130249897e-08
10113 0.0017243366348674914
13703 0.0
10117 0.0
321 0.0
18314 0.0016975261669261682
21614 0.0
10130 0.009892600271699005
1941 0.0006042208489261832
18331 0.00499979318666422
19440 0.00048111618955977865
18340 0.0
12614 0.0
1958 0.009928133442255146
1959 0.0
18344 0.0
10153 0.00019307282999765605
122 0.0018224483876137531
1963 0.0
3058 0.0
10158 0.0
1968 0.0
3066 0.001408190307119362
10162 0.0
19443 0.0
17251 0.0
18365 0.009853655652156033
1982 0.0
19445 0.0
13705 0.0
1985 0.00048111618955977865
18370 0.00036507427401117015
18373 0.0009620008506356499
10183 0.0
1992 0.0
10186 0.0
1995 3.6573676505808373e-05
1997 0.0
2001 0.0
2003 0.0
16718 0.0
2009 5.046048501566436e-05
2010 0.0
18396 7.697379660373564e-05
18397 0.0
18398 0.0
18235 0.0
10211 0.0029027357975837747
18408 0.013840908119828159
21563 0.0
13992 0.0
19957 0.0
2042 0.005718653584062771
10235 0.003257330792209228
2044 0.0
2047 0.0
2049 0.0
10243 0.0022707566507131575
10246 0.0
2055 0.0
10251 2.5470602340209504e-05
18444 0.0
10253 0.0
18447 0.0
18453 0.0025205821793994007
18455 0.0
2072 0.007824474550664304
2073 0.0
2074 0.0
5807 0.006050456173753013
10268 0.0023571666869628455
2080 0.00048111618955977865
2081 0.0
15366 0.0
2087 2.17413015653995e-06
23559 0.0
18619 0.0027446872486724195
18487 0.008422676318883228
18488 0.0
5812 0.0002839705194782432
12618 0.0
2115 0.012332676108877148
10310 0.013922637375633259
6888 0.00024050021265891247
2124 0.0
18511 0.001965795432341328
2133 7.524059291571347e-05
9913 0.00013555114853291332
18521 0.00017230025591194782
18522 0.0
18524 0.0
2142 0.00048111618955977865
357 0.0
2144 0.0
25440 0.0
22203 0.001442885511711521
16742 0.0
16872 0.00048111618955977865
2155 0.0056235799162170155
18540 0.0110299389212474
10350 0.0010813359043843058
18543 0.0024246082147843222
10352 0.0
6073 0.0
10354 0.0
2165 0.00449286521204647
10358 0.0
18552 0.0
2169 0.001221621916882363
1727 0.004462304760412323
18557 0.00048111618955977865
18558 0.0
24939 0.0017072545635295232
3073 0.0
2182 0.0003153757749484687
2184 0.0
2185 0.0
10381 0.0018272236759659902
2190 0.0
10383 0.0
2193 1.3718109278266957e-05
18579 0.0027034274143968684
10388 0.00048111618955977865
18582 0.0
10391 0.0
2200 0.00024126822422771368
18585 0.0006365670216644322
18586 0.0
18587 0.0
18592 0.001442885511711521
18595 0.00047666124701091825
2212 0.00015726141850271836
18597 0.0
10406 0.0010435753844139834
18600 0.001912516837443287
10412 0.0
18605 0.0
4467 0.0
18612 8.649170935568434e-05
18613 0.0
4468 0.0
10427 0.003999612863931621
1738 0.0009620008506356499
18622 0.0
20853 0.0
18624 0.0
18625 0.0
2243 0.0
10438 0.0
10439 0.0
2249 0.0
2250 0.0
10445 0.00048111618955977865
10446 0.0
2255 0.0006779104069678452
12664 0.00048111618955977865
23474 0.0
10456 0.004585442396515882
18649 0.0
10458 0.00048111618955977865
10463 0.0
5840 0.0
18658 0.0
10467 0.0009620008506356499
10468 0.0
22225 0.0
18667 0.0009620008506356499
18668 0.0
10477 0.0
10478 0.0
2287 0.005915117498880025
18676 0.00244503644687814
2293 0.0002807558619005611
2295 0.0
18681 0.0005009999539082323
10490 0.003480552328572023
9126 0.0
18685 0.0
2303 6.474084233273632e-05
10496 0.0003849618549143697
10497 0.0
2306 0.0005488729671195533
2307 0.0
10500 0.0
2309 0.0
2316 0.00048111618955977865
22890 0.00048111618955977865
19501 9.009766670863952e-05
10514 0.0
4483 0.00010576890756282895
25437 0.0
2326 0.0005931179003433588
22233 0.000411238904757768
25719 0.0
10524 0.0
10526 0.0
18719 0.0021526759376070273
18720 0.0
2338 3.6573676505808373e-05
22235 0.0
2340 0.0
2341 0.0
2342 0.0
15409 0.0
10539 0.0010021782262937924
2348 0.0
2350 0.0
10543 0.0005006314700865533
18736 0.0023736508282858576
18739 0.00042007482329864545
2356 0.0
18741 0.0
10550 0.0
18743 0.0
10552 0.0
18745 0.0
18746 0.0
10555 0.0009838692639289619
24970 0.002642260940473332
4422 0.0009836208611045884
18751 0.0022635710591126243
2368 0.0039053833007658897
18757 0.0030921530380278936
18758 0.0
18764 0.0
5262 0.0
2385 0.0
2386 0.0
18771 9.945244597271241e-05
2388 0.0
19447 0.0
18778 0.001575596788526975
12687 0.005768172726944835
10588 0.006016237918608626
15418 0.0
10590 0.0015771929127743937
18783 0.0
18784 0.0
400 0.0
2404 0.0005380221475579865
10597 0.0018724969816685216
18790 0.0
18791 0.0
10600 0.001442885511711521
10601 0.0
2410 0.0
19517 0.00568974715925873
403 0.0
2420 0.001923422880061531
10719 0.0014426539832276136
10615 0.0002487631749427523
10620 0.00029236834758465316
10623 0.0005361558981970951
11328 0.0002920722349700679
2443 0.0019810185867730236
10640 0.0
2449 0.0012731013210310403
2450 0.0
13175 0.0
2452 0.0
22254 0.0
2457 5.145077420166599e-08
2459 0.0
10652 0.0005781076374673479
10655 0.0
10656 0.0
2465 0.0010731200289994768
2474 0.00048111618955977865
2475 0.0
11812 0.0
18866 0.02396944637624351
18867 0.0
2485 0.0
18870 0.0
2487 0.0
2490 0.00047663529970912687
18875 0.0018014400428082735
10684 0.0
18879 0.0
18880 0.0
18884 0.0
2501 0.003780088099416781
2503 0.0009620008506356499
2504 0.0
2505 0.0
18894 0.00191720307821958
2511 0.0006975793436038519
2512 0.0
18899 0.0012595100176509063
2516 0.0
15905 0.0
10711 0.011942608800819281
18904 0.00055942609232883
18905 0.0
18909 0.0
2526 0.00011567478258269055
2527 0.0
18913 1.7364636293062272e-07
2530 3.6573676505808373e-05
1787 0.0009620008506356499
2532 0.0
20902 0.0005491742534059588
10726 0.0016664369350470548
2535 3.6573676505808373e-05
2536 0.0
18924 0.001179488268502639
22269 0.0028080548588329864
10969 0.0
18634 0.0
2556 0.013821764015036786
18941 0.0
18942 0.0
18943 0.0
2560 0.0
18946 0.0
2563 0.0
2566 0.00048111618955977865
18952 5.145077420166599e-08
10762 0.027233797176391673
10763 0.0
10765 0.0
15907 0.0
9988 0.0
18971 0.0
18972 0.0
18973 0.0
2591 0.001933011637436703
2592 0.0
2596 0.0
8625 4.889449579171864e-05
10794 0.0
2607 0.0002641479373663182
10801 0.003958016057218469
18995 0.0
10805 0.0
2614 0.0
18185 0.0
15455 0.00541250292384559
2620 0.0039036203788252884
2621 0.0
2622 0.0
2623 0.0
10819 0.0
19012 0.0
19013 0.0
10822 0.0
15457 4.1675127103349446e-08
10824 0.0
10825 0.0
19019 0.0
6455 0.0
19022 0.001293365977980219
19023 0.0
10841 0.0043033344682467745
10842 0.0
2654 0.027018326030414187
2655 0.0
20547 0.0
2661 0.00024050517398356759
19048 0.0037595731843186194
19051 0.0
22457 0.019947473773380124
18195 0.0
19060 0.0
10871 0.004295106063354677
18196 0.0
9074 0.0009620008506356499
3178 9.606719308881272e-05
10878 0.0004995175512704426
10879 0.0
10880 0.0
10881 0.0
14547 0.0
8641 0.0007213269916138068
19080 1.1689719193513997e-05
19081 0.0
19084 0.0028838030313098283
16834 0.0009620008506356499
10895 0.002879224809628507
10896 0.0
19089 1.7171695889806023e-06
19090 0.0
16835 0.0
19093 0.0021993149090467528
2710 0.03553554739344959
2712 0.0
2713 0.0
1600 0.0
10907 0.0
19101 0.002044634357455679
10910 0.0
2720 0.00048111618955977865
19107 0.0006862869232496695
14639 0.0
12742 0.0004642343081538048
19110 0.0
19111 0.0
11002 0.0
19114 0.0
10923 0.0019224967661259009
10925 0.0
10926 0.0
10931 0.0035189925203176413
2741 0.009324680208823632
2742 0.0
12745 0.0
9093 0.0
4183 0.0
19131 0.0
5547 0.0
2750 0.0
2752 0.0002908469981250609
19140 0.002073207603938471
18209 0.0
19144 0.0
2761 0.0006823479273703617
19146 0.0
19147 0.0
10956 0.0019537425489817906
19149 0.0
19150 0.0
2770 0.00015394481539886498
2771 0.0
2773 0.0
10966 0.0005843653898235894
19159 0.0005629175081894197
19161 0.00048111618955977865
11822 0.0
19164 0.0002227975717218057
3194 0.0
2783 0.0
19168 0.0
4983 0.0
2789 0.0008986459222074959
10983 0.004803209805090618
10986 0.0
19179 0.0009367816624419956
2797 0.0036748204884539783
10990 0.0
10991 0.0
19184 0.0
10024 1.0297847227592244e-05
2803 0.0
10996 0.0008517233537704558
2805 0.0
2806 0.0
1833 0.0
2810 0.0
10026 0.0
11011 1.9294040325624744e-07
19204 0.0014965581726692253
19206 3.805362124336694e-06
19207 0.0
19208 0.0
11017 0.0
2826 0.0028832242101000595
19215 0.0
19216 0.0
11026 0.0015610477994146888
19219 0.00014292546615778294
1838 0.0
19223 0.0
11032 0.0019230755873356697
11034 0.0
14552 0.0
16858 0.0
2846 0.007935462592257478
22190 0.0
2848 0.0
19233 5.788212097687424e-08
19234 0.0
2851 0.0
2852 0.0
18225 3.6573676505808373e-05
11052 0.004509455119723247
11053 0.0
19246 0.0
19247 0.0
19248 0.0
2870 0.002130074658679429
3209 0.0
19256 0.0
11066 0.0006186946553811361
20959 0.0
2877 2.6657067058756947e-05
510 0.0
2879 0.0
25056 0.000619807609341801
2883 0.0
11077 0.006135389932238393
11082 0.001790052276734439
7309 0.0
11093 0.00048111618955977865
18233 1.4095795516722112e-05
915 0.0
13931 5.788212097687424e-08
11102 0.0032340092388649165
2912 0.0075204264080266665
19297 0.011025830145626908
11107 0.0021782298323712065
11108 0.0
2917 0.0
11112 0.00048111618955977865
11113 0.0
2922 0.0007918038719214852
2926 5.187930427847142e-05
19313 0.00048111618955977865
19316 0.0
11125 0.0
2936 0.0
11132 0.0004811790330054106
19325 0.0
2949 0.005768345493953533
2950 0.0
2952 2.2246178606222628e-07
16876 0.0
19340 0.0024617299109898506
2959 0.0014993269773016878
11152 0.0
19608 0.0
1859 0.0
19350 0.0009621166148776035
19351 0.0
19355 0.0
19356 0.0
19358 0.0
2980 0.0017338909921181143
1862 0.0
2982 0.0
11175 0.0006750126285587528
23708 0.020388147802477587
11182 0.0007846559055825681
2991 0.00012988103711653913
6919 0.0
2993 0.0
11186 0.0
19379 0.0
2997 0.00024050021265891247
19383 0.0
11194 0.001052797465794336
19387 0.00048111618955977865
3006 0.0036300625086934882
11199 0.0
19404 0.0005851296731166946
11213 0.001442885511711521
25080 0.0014241929115763273
11012 0.0
11223 0.0005367060527388237
3032 0.0037250565124788007
3033 0.0
3034 0.0
11227 0.0002578019371124383
3037 8.314957277399654e-05
11231 0.003868173720061586
11233 0.0
16741 0.004114782333585859
3048 0.0019919818196054745
11241 0.0019433894645153687
19434 0.0
3052 0.0007215585200977142
3053 0.0
3055 0.0
3056 0.0
15528 0.0009620008506356499
19442 0.00041191247122789206
3059 0.0
8702 0.0
19446 0.0
3063 0.0
19450 0.0
3068 0.0
19454 0.0
19457 0.0
3243 0.0007590572851559834
3076 6.459094162785404e-05
19462 0.0001561584684638743
19463 0.0
19464 0.0
11275 0.01578218864634066
19469 0.0
19475 0.0
11284 0.0024854974640901462
3096 0.00345224102663123
3099 0.00025259560559003373
11293 0.004813764197312973
19489 0.006570723233245926
8710 0.0
19495 0.0
3113 0.006635975653715551
12106 0.0
15538 0.0038993470939271855
3119 0.0
11015 0.0029584296292079256
14174 0.0
11318 0.0018999685620363562
18271 0.002481743525691932
11325 0.0006130491375886858
3136 0.00048111618955977865
523 0.00048111618955977865
19525 0.0
19527 0.00031796552684505247
19528 0.0
18381 0.0
8718 0.0
15108 0.014488431849185386
19544 0.0
19545 0.0
24110 0.0017598239779620635
3164 0.0001765377983864143
19551 0.0009620008506356499
7386 0.0
3171 0.0
19557 0.0
3174 0.0
8721 0.0002670742377748049
19562 0.0007308901180985223
11372 0.0046229901340180775
23741 0.0009606446430081891
19568 7.907312969522974e-05
3185 0.0
11379 0.0006268580564921204
3188 0.0
19573 0.0
5993 0.0063313613554393825
3193 0.0009401984769027149
19578 0.0
379 0.00035321894145685814
19580 0.00048111618955977865
3197 0.0
19585 0.0
19586 0.0
5995 0.0
3204 9.587558563518961e-05
3207 0.0
11400 0.012061684398545897
11401 0.0
11402 0.0
11403 0.0
11405 0.0
8728 0.0
19603 0.0
19605 0.0
19607 4.850668299356484e-05
11416 0.0015410805137457686
19609 0.0
19612 0.00015126437750340104
19613 0.0
3231 2.3152848390749695e-07
11426 0.0009621166148776035
19624 0.0005067155738767276
23751 0.00028837830724141167
11442 0.0006002417144780566
11444 0.0004095463378933873
11445 0.0
15384 0.0
11447 0.0013163549674442216
19640 0.011414206469127818
19641 0.0
19642 0.0
19645 3.6573676505808373e-05
17021 0.00048111618955977865
3265 0.007811025137679755
26023 0.0
11464 3.192768954665333e-05
19657 0.004351999635751313
3655 0.0
11468 0.0
11470 0.0
11472 2.2246178606222628e-07
3283 0.0
3286 0.0
22393 0.0008006129591878447
19675 0.0004038811269691368
3292 0.0
3293 0.0
19678 0.0
3280 0.0
11490 0.001442885511711521
19683 0.0
11493 0.0
19686 0.0
11495 4.4629522925523164e-05
21031 0.0
3310 0.008713746937304076
11461 0.0010910578251545596
3312 0.0
19697 0.0008049125229094712
3316 0.00048111618955977865
19703 6.216686439781933e-05
19705 0.0
3323 0.0006904821737139659
4650 0.0005504809698907079
19710 0.0
19711 0.0
11522 1.1576424195374848e-07
11528 0.00048111618955977865
19723 0.0005543974764282494
19724 0.0
3345 0.003179697019170339
16751 0.0
11841 0.0
10116 0.0
19738 0.003078330780775713
19739 0.0
19741 0.002160334401219877
3291 9.675024234398606e-06
11557 0.006374093212020505
11563 0.0
3372 0.00011212328707316271
16946 0.0
19677 5.145077420166599e-08
11572 1.125889532091372e-05
3383 0.0
23299 0.0
3386 0.005506703972562789
3387 0.0
11583 0.0
19781 0.0025044860502630097
11591 0.001901644830923254
19784 0.0
19682 0.00022369767913253718
19791 0.0010645268616194961
3409 0.0011866112451819682
11602 0.0003896827990235598
3411 0.0
3412 0.0
11607 0.0
19800 0.0009621166148776035
11609 0.0012483296493652817
11610 0.0
6031 0.0
3420 0.0006649447037584466
11613 0.0
19806 0.0
19807 0.0
19808 0.0
19809 0.0
19810 0.0
21391 0.0
11621 0.0016228831160202642
3430 0.0019391170356643434
3431 0.0
11626 0.0
19687 0.0
11629 1.906109309486834e-05
11630 0.0
11631 0.0
3441 0.002268137195046122
3442 0.0
15667 0.0
11638 0.0
11640 0.00020041908432251267
3449 0.0
3450 0.0
3451 0.0
3452 0.0
22421 5.552585394448236e-05
25152 0.00048111618955977865
12865 0.0
3466 0.002726571150590712
6039 0.0
11661 0.002019000621206752
11664 0.0
23302 0.0
11502 0.0007898446744365968
11670 0.0005512105314980894
19865 0.026981905689386874
20427 0.00017701272157869018
7481 6.214843036629662e-05
19870 0.002427933902754327
19871 0.0
8774 0.0014983664378682064
19881 0.0
25159 0.0
3501 0.011071936094381053
3502 0.0
11696 0.005564756629653688
19890 0.0011648114937114994
3507 0.00024050021265891247
3508 0.0
19895 0.0027079905447587815
19900 0.0006185893333243994
19903 0.0
11712 0.004982095075969616
11713 0.0
17848 0.0
3524 0.00048111618955977865
19909 0.0
3526 0.0
18337 0.0008373335725157433
3532 0.0
3534 5.145077420166599e-08
15608 0.0009943195609820254
19922 0.0007213269916138068
19923 0.0
19924 0.0
11733 0.002355909910305719
11734 0.0
19927 0.0005988034126432258
3547 0.011880655536777562
18940 0.010058199717633465
3553 0.0
11746 0.0021248209895728
19707 0.0
19940 0.0
3561 0.0034998814035618166
22439 0.0
19954 0.00010839765666474966
19955 0.0
23806 0.0
19961 2.2246178606222628e-07
19962 0.0
19964 3.4729272586124544e-07
1962 0.0004225861243012953
4211 0.0006933370750140043
19974 0.0015675347560795071
15617 0.0
11785 0.015811556889556717
19978 0.0
3595 0.0
19980 0.0
11791 0.00048111618955977865
11792 0.0
24293 0.007355435300783273
1966 0.0
3607 0.00048111618955977865
19992 0.0036524350514367237
11801 0.0033240214130836657
19996 0.0
19997 0.0
11806 0.0009620008506356499
20000 0.0011667815822180626
20001 0.0
3618 0.002979334326831141
11811 2.3152848390749696e-08
20004 0.0
11815 0.0
20008 0.0
5849 0.0
15623 0.0
11820 0.0
11821 0.0
3630 0.0013911383091322707
3631 0.0
11824 0.0
3633 0.0
11829 0.0
20030 0.0007809604411295913
11840 2.3152848390749696e-08
20033 1.1011678549269133e-05
3651 0.00951189562630263
11844 0.003362951228756393
3654 0.0
4705 0.0
20046 0.00045005314936123807
20052 0.0025795385457176756
20053 0.0
11863 0.0
11865 0.0
20059 0.003058436135826594
11868 0.00023122577774275968
3677 0.004624172604847921
20062 0.00013521134139484714
3679 0.00025281780243843586
20064 0.0
20065 0.0
20066 0.0
3683 0.0
11876 0.00010844796109168353
3685 0.0
11878 0.0
11537 0.003844414711042033
8807 0.0003988359621564875
20078 0.0
11891 0.0009621166148776035
11892 0.0
6078 0.0
20086 0.00048111618955977865
20089 0.0016244062403941734
11898 0.0
11899 0.0
11902 0.0009621166148776035
11903 0.0
3716 0.00349296752930425
20101 0.0
11910 7.499241924697826e-05
3719 0.0
3721 0.0
20106 0.0
20108 2.2246178606222628e-07
6082 0.0
21101 0.0
3730 7.517051240962967e-05
11923 0.0
20116 0.0015940987030219002
11925 0.0
11926 0.0
20119 0.0003684240375765925
11929 0.0
20122 0.005150289340923996
3743 0.005011786544880123
20129 0.0008998701334528605
11939 0.0011169656403187689
11944 0.0
7452 0.0
3754 0.0009620008506356499
18375 0.0
11951 0.00013955935488246335
20148 0.007381319345387739
20149 0.0
3766 0.0
628 0.0
20155 0.0
11964 0.0034290047331246615
19493 7.055933298126551e-05
11967 0.0009620008506356499
11968 0.0
18379 0.0
11037 0.0
20168 0.006274893190222437
20169 0.0
11979 0.00016596344507931727
20173 0.0
20174 0.0
24248 0.0
8824 0.0
14286 0.000334852655837163
20182 0.002547849109134577
17017 0.0
20184 0.0
3804 0.010652048067714585
20191 2.3284417357908612e-05
3811 0.0005344938225958562
3812 0.0
3814 0.0
3819 0.0
3820 0.0
3821 0.0
20207 0.003308879574426001
12016 0.0017267122025177207
3825 0.0
3826 0.0
3827 0.0
20215 0.0
20217 0.0
25215 0.0019235386443034847
3839 0.0026141573077293886
12032 0.0003939966630565653
3843 0.0014643548575261067
3845 0.0
20230 0.0
20231 0.0
12040 0.0015351692809271074
3849 0.0009621166148776035
3850 0.0
22487 0.0
20236 0.00048111618955977865
3853 0.0
17859 0.00048111618955977865
12049 0.0
3858 0.0016810704395313586
20243 0.0009621166148776035
12053 0.0009620008506356499
12054 0.0
20248 0.00048111618955977865
20250 0.0
15663 0.0
20253 0.0
20255 0.0
3872 0.0018228256762142048
12065 0.00024032656629598183
20258 0.0
3875 0.0
3876 0.0
3877 0.0
12070 0.00334949962587167
12071 0.0
12074 0.00012335339850260077
15666 0.0
3890 0.0033308298252868788
23859 0.0
12085 0.0009521092230788925
18399 0.0
21130 0.001442885511711521
12101 0.0066493747827371975
3910 0.0
22771 0.0
1608 0.0004999257187121757
12107 0.0
3916 0.00035141643705433083
3917 0.0
12110 0.00029524540659772687
20303 0.002860377451928073
12112 0.0
20305 0.0
3922 0.0069530414735906295
20307 0.0
12118 0.0004381776889149124
3927 0.0
12121 0.0
20315 0.0014870546930725154
20316 0.0
20317 0.0
3937 0.00017690177962762
12130 0.00539444640816076
3939 0.0031116097017174636
12135 0.0033641088711759306
3944 1.213217253049253e-05
9133 0.0
3946 0.0
20331 0.0
3948 0.0
12141 0.0009579081871345402
20335 0.0
3953 0.0028832242101000595
8851 0.004552258454882869
20341 0.0
20344 0.0
20346 0.0
12155 0.0
3964 0.0
12157 0.0
12158 0.0
3967 0.0
12160 0.0
12165 0.0
12166 0.0
3977 0.001101867013831955
3980 0.0
3982 0.0
3983 0.0
3988 0.0
20373 0.01375962341427676
3990 0.0
20375 0.0
12187 0.0053703407047819875
3996 0.0019236544085454385
3998 0.00048111618955977865
20383 6.815223090905438e-05
4000 0.0
20391 0.004746960273134848
19783 0.0
4013 0.0038121860656985676
21149 5.788212097687424e-08
5862 0.001038433281663498
4018 0.0
12212 0.004052307494402816
4023 0.0001621020419372378
4027 0.0
17114 0.0
4032 0.0
4033 0.0
4036 0.00103466952387261
4037 0.0
8045 0.007259243722044265
20424 0.0
12235 0.0012020380063267474
4046 0.0
20432 0.0014427118653485905
20434 0.0
20435 0.0
4052 0.0
18684 0.00048111618955977865
12247 0.0009622103576833264
7010 0.00048111618955977865
8868 0.0
21157 0.0
22523 0.0013628163895499804
12260 0.0
21158 0.0
12262 5.822261678721827e-06
12263 0.0
12266 4.3983610485106446e-05
8871 0.0
12268 3.5987726753748397e-07
4080 7.605866314682856e-05
11047 0.0009621166148776035
11604 0.0
12286 0.002283217646617871
12287 0.0
12291 0.0
4102 0.0003610242045098862
4103 0.0
4104 0.0
20489 0.0
12302 0.0
20495 0.0
12306 0.0
4115 7.717616130249897e-08
12308 0.0
4117 0.0
12311 2.1966980305988416e-05
12312 0.0
12313 0.0
3418 0.0007609226608220825
12318 0.00048111618955977865
20511 0.017104263488536674
20513 0.0
18141 0.0
20515 0.0
12324 0.00034410242149182033
20517 5.3976903484738975e-05
4135 0.0010702155929119478
11612 0.0
4138 3.7451774063710927e-05
4139 0.0
4141 1.1576424195374848e-07
12334 0.0082054630038241
4143 6.916473890366862e-05
20528 0.0
12337 0.0
4146 0.00014832618047809338
23870 0.0004312548795148769
20532 0.0022076304938044374
20533 0.0
20534 0.0
20536 0.0
20538 0.0
14346 0.0
18443 0.0009621166148776035
4164 0.006889045835213098
20550 0.0
11617 0.0
20552 1.1576424195374848e-07
20553 0.0
20554 0.0
12365 0.017850245033634898
20558 0.0
18445 0.0
12369 0.0
20562 2.2246178606222628e-07
15715 0.0
4180 0.0028550490638226634
12373 0.0
4182 0.0
20567 0.0051331385917906935
20568 0.0
20569 0.0
12380 0.0009621166148776035
4189 0.00048111618955977865
20574 0.002314823802996989
15717 0.0
20576 3.0066281945316283e-05
12386 0.0
4195 0.0004417820398553595
12389 0.0
15961 0.0
20587 3.6602619846015934e-06
20595 0.010396639099796923
4213 0.0009620008506356499
12406 0.0010764789352349354
20599 0.0
12409 1.1992837861125339e-05
12411 0.00021066220072271937
6631 0.0
12419 0.00024050021265891247
20613 0.003928623437643991
12422 0.0
12423 0.0
20616 0.0
12425 0.0019230755873356697
20618 0.00048111618955977865
20620 0.0
4241 0.015052958188951
4242 0.0
4247 0.0
4249 0.0
4250 0.0
20635 0.00015893476753996356
20636 0.0
4255 0.0
20641 0.0
4258 1.1576424195374848e-07
22555 0.004804366215110282
20644 5.024531428603464e-05
12453 0.006627354687633565
4263 0.0
22556 0.0
20650 0.00048111618955977865
4269 0.0
20328 0.002728051908935108
4275 0.0014426539832276136
20660 0.00116875660503375
20662 0.0
20663 0.0
12472 0.00369724096267478
20667 0.0
4284 0.0
12478 0.00390390429157135
4289 0.0
4290 0.0
17099 0.0
4293 0.0002863016132566542
4298 0.0009620587327566267
12491 0.009791604357877163
12492 0.0
4301 0.0
4302 0.0
12496 0.0012528260161387915
12498 0.0008797646461378331
14371 0.0
12503 1.7427778479423487e-05
12507 3.6573676505808373e-05
20702 0.00048111618955977865
2085 0.0002420428502374128
4781 0.00010690212095374888
14374 0.0
20716 0.017199516447167704
6184 0.0
4819 0.00048111618955977865
6185 0.0
3684 0.0
4351 0.007807434526730359
4353 0.0008014586751291655
4354 0.0
4355 0.0
12552 0.0
12553 0.0
4364 0.012708220164139894
1782 0.0
4371 0.0007757565546963536
4372 0.0
22574 0.002317463002742834
4376 0.00027810429299622027
4377 0.0
4379 2.6296905122881427e-05
4380 0.0
20765 0.014755194574051965
4382 0.0
4383 0.0
20772 0.0
20774 3.194410581652116e-05
20775 0.0
12587 0.00857868939736872
20780 0.0
20781 0.0
20782 0.0
8925 0.00048111618955977865
20787 0.00012669666738166125
12599 0.0005235684351009813
20792 0.0
12606 0.001600368172865591
4416 0.007220358488504704
12611 0.0004591837938273334
12612 0.0
20806 0.0
12615 0.0
20808 0.0
4425 0.001442885511711521
4426 0.0
4428 0.0
13026 0.0006354510493892164
4431 0.0
4433 0.0
12627 0.0017577443961417658
18489 0.0
8932 0.0
4442 0.0023405072494429536
20827 0.009707868769678753
12637 0.0036419344583197037
4446 0.0
12639 0.0
12640 0.0
12641 0.0
12642 0.0
4451 0.0
12644 0.0
12645 0.0
4458 0.00013699249831667032
17127 0.0
12654 0.002714269994821813
20850 0.00410272652373838
12659 0.0019329274358570773
12660 0.0
4469 0.0
20854 0.0
4472 0.0019865630191480397
12665 0.0
12675 0.0015951000942318017
4484 0.0
12678 0.0011830178004328708
12679 0.0
4488 0.000617886413269236
4490 0.0
4493 0.00010288306660682085
20879 0.00902618639927055
12688 0.0
12691 0.0
20884 0.0
17134 4.3983610485106446e-05
20886 0.0
12695 0.0
12696 0.0
17135 0.0
20892 0.001923422880061531
12701 0.0
4511 0.0001498422356398418
4512 0.0
4513 0.0
4515 0.0010712681035013752
12709 0.0
12710 0.0
12712 0.00048111618955977865
22599 0.0
4525 0.0041740824996301246
12720 0.002265617963023374
12722 0.0008505521824316717
20915 0.0
20924 0.0025650348171237305
12733 0.0026189133234787213
12735 0.0015921188805618418
23968 0.0
12739 0.0015540421325136715
4550 0.010809565945778223
12743 0.0
4552 0.0011141219213401125
6971 0.0012250337590186738
4554 0.00048111618955977865
4555 0.0
20940 0.0021495386399375638
12749 0.0
20942 0.0
20947 0.00026231736919326285
20949 5.788212097687424e-08
12758 0.00024050021265891247
20952 0.0
20954 0.0
12763 0.0
20956 0.0
4575 0.005499992654155484
4576 0.0
4583 0.0005403614899508323
10791 0.007279510043952922
4588 0.0013100886640421104
12781 0.009361336744240079
2335 0.0
15784 0.0012023817792628526
12786 0.0005248460664570449
12787 0.0
12788 0.0
14093 0.0025020739151873825
12797 0.0
18517 0.0005233828047114514
10519 0.0
12802 0.0
12803 0.0
12806 0.004148054366960035
4624 0.008505443758728649
4625 0.0
21012 0.018517749174338186
10247 0.0
4631 0.0
4632 0.0
21017 0.0
4634 0.0
4635 0.0
4638 0.0
4639 0.0
4640 0.0
4641 0.0
4642 0.0
21027 0.0007480863663461839
21029 0.0
21030 0.0
7601 0.0
21032 0.0
12842 0.004688057371526512
21159 0.0
4656 0.0
12849 0.0
12851 2.2246178606222628e-07
12852 0.0
8969 0.0
21048 0.0032924503162134995
11700 0.0
21051 0.0019230755873356697
12860 0.0
12861 0.0
4673 0.00434066913472848
12866 0.0
4875 0.0038424467189288195
12868 0.0
9968 0.0
26193 0.0004505083433720998
12874 0.00026660835236691163
23991 0.0
15159 0.0002889757372881571
21075 0.007944505591977022
12884 0.0015394072519772594
12885 0.0
12887 0.0
4697 0.002647277624073334
4700 0.0
18160 0.0
4702 0.0
4703 0.0
4704 0.0
21089 0.0029654642635852345
21090 0.0
4708 0.0
4712 0.0
4713 0.0
21100 0.0005107361220893466
7522 4.398288442104222e-05
4724 0.0006654799433015733
4727 0.0009621166148776035
1668 0.0
10346 0.00024073174114281996
12927 0.011786024720474434
12928 0.0
21125 0.00504059552501718
4743 0.007728606562799954
12938 9.325142259600658e-06
21131 0.0
4748 0.00016761721724523236
4750 0.0
4755 3.6573676505808373e-05
4756 0.0
21142 0.0
4759 0.0
4760 0.0
10351 0.0
15770 0.001923422880061531
4765 0.0009964151909767273
4766 0.0
21152 0.0
21154 0.0
4771 0.00011802708581697119
21156 1.4235550842984687e-05
4773 2.3152848390749695e-07
4774 0.0
4775 0.0
12968 0.002638996993321284
21162 0.0009274320502754527
11719 0.0
21165 0.0
4782 0.0
21167 0.0
21169 0.0
12980 0.0004928348011953701
12981 0.0
24009 0.002404858662312948
4793 0.0012335275388788178
21178 0.0
4798 0.0010779257904800985
18549 0.0
21184 0.0038424467189288195
21190 0.00048111618955977865
15163 0.0
21194 0.0
21195 0.0
4814 0.001644604697768983
21199 0.0
13008 0.007628084453331773
13010 0.0003666319648749905
21203 0.00048111618955977865
21205 0.0
4822 0.0
4825 0.001442885511711521
19801 0.0
4834 0.0009620008506356499
4835 0.0
21220 0.003978389092716761
13029 0.0019230755873356697
13032 0.0
13034 0.0
13035 0.0
13036 0.0
4846 0.0036322579871517517
4847 0.0
20893 0.0
13056 0.005816220971895418
25387 0.0
13060 1.447053024421856e-08
4870 0.0
13067 0.00031749726034849377
13068 0.0
4877 0.0
4878 0.0
4896 0.006434841969577434
21281 0.015328153856316586
21287 0.0009837227307663882
13096 0.026512708666511915
21289 0.0
21293 0.00048111618955977865
24029 5.09536680125939e-05
21297 0.00048111618955977865
820 0.00048111618955977865
21548 0.0
7648 0.0
21315 0.0
21316 0.0
21317 0.0
21321 0.0002515314380514353
21322 0.0
17207 0.0030825068404072764
21324 0.0007311244220550179
7650 0.01859196878625591
17208 0.0
19939 3.6573676505808373e-05
21333 0.0
13142 0.025221863399284054
4952 0.02180086187924513
25402 0.0004257039171832122
4959 0.0
4960 0.0
13153 0.00024024939013467936
4966 0.0
4967 0.0
5621 0.0016924962483278504
13164 0.0013433452334235235
25405 0.0
2075 0.0
13174 0.00011486842908960856
19945 7.463456841930619e-06
13177 0.0
4988 0.0
4989 0.0
25408 0.0009620008506356499
21379 0.009362847855095965
10390 0.0
13190 0.010614562425509714
13191 0.0
13196 0.0012064199830284642
21389 2.122344435818722e-07
2076 0.0
13199 0.001484934243308787
13205 0.0009375067677960514
21401 0.0014426539832276136
21404 0.0014426539832276136
2202 0.0
21407 0.0006116582737190472
21409 2.381700686547917e-05
2203 0.0
13220 0.0015397779895234246
21432 0.008824904181372358
21433 0.0
15171 0.0
6303 3.141282082217798e-05
21436 4.3983610485106446e-05
21438 0.0
5055 0.0
5056 0.0
5057 0.0
25537 0.00048111618955977865
5060 0.0
5061 0.0
5062 0.0
14497 0.0
5065 5.145077420166599e-08
21450 0.0009621166148776035
5067 1.3827395566697738e-06
5078 0.0047778450732365255
21466 0.0015713414737644263
13276 0.02169448188016842
21469 0.0
5087 0.0
4261 0.0
13282 0.00011514891309047458
13283 0.0
13291 0.0
13292 0.0
21491 0.008112391905940456
5109 0.0
21495 0.0005869349916167209
22811 0.0
21497 0.0
5116 0.0005600667638162873
13310 0.0
13311 0.0
21508 0.005131228637239875
5125 0.0002833236468732701
13318 0.0022227975789187453
13319 0.0
13320 0.0
13321 0.0
13322 0.0
5131 0.0
5134 9.392472149456362e-06
13328 0.0014942043422574286
13144 0.0009608432082161124
13333 0.0
5143 0.0
13346 0.00851366211070715
21543 0.0021640153517828663
13352 0.0027888330528797723
5162 0.0
21547 0.0
5164 0.0
21549 0.0
21550 0.0
21341 0.0
21554 0.0
13364 0.0010659883820746921
21558 0.0
5175 0.0008807827517214669
21560 0.0
13369 0.003389955699914058
21562 0.0
13371 0.0006913134235224451
5181 0.005758113394779449
5182 0.0
3173 0.0
5184 0.0
864 0.0
13384 0.00566506368833533
21177 0.0009620008506356499
5194 0.00154331323562221
13387 0.0
13388 0.0
25442 0.0023874858088772707
21583 0.0001978823225945665
21584 0.0
5202 0.0009620008506356499
21587 0.0
21588 0.0
21592 0.0
5209 0.0051213818444425145
5210 0.0
13404 0.0034303449887942436
5216 5.742349409314303e-06
5218 0.0
13411 0.00023464821553397723
21016 0.0
26167 0.0
21608 0.002502437991571942
5225 0.0043248363151500895
5227 0.0
21613 0.0004811740716807555
14606 0.0
21615 0.0
5233 0.0
21621 0.0003248930960644258
5240 0.00442650519026542
5241 0.0
18623 0.0
21629 0.0004358874782500699
21630 0.0
9486 0.0
21634 0.0
5251 0.00011802708581697119
21638 0.0
22721 0.0
5259 0.0001284480886925617
21646 0.0014101021508982916
21650 0.001769727654273146
10435 9.91926945118208e-05
21653 0.00022287528479180313
5271 1.1576424195374848e-07
21657 0.0
21658 0.0
4975 0.001025473959188283
21660 0.0
13469 0.005962975241842319
13470 0.0
21663 0.0019230755873356697
22894 0.0
21665 0.0
14534 0.002478745858051892
5287 0.0027888858120581946
13480 0.0015634742364615485
13481 0.0
13482 0.0
13483 0.0
882 0.00016647946231490896
19167 0.0
13490 0.0
13493 0.0
5302 0.008285207762048198
18633 0.0
13496 0.0
17268 0.0008642507096908923
13498 0.0
13501 0.0
21695 0.0014430012759534747
21696 0.0
21699 1.698791938441545e-06
23909 0.0
21705 0.0007026000795766361
21707 0.0
21708 0.0
20002 0.0
13520 0.010029223366914931
13521 0.0
20003 0.0
14542 0.0
13526 0.0
199 0.0
13528 0.0
13529 0.0
21723 0.002849350646420044
17274 0.0
24101 4.864166851016265e-05
5346 0.017501599253203097
23910 0.0
5352 5.615857692261688e-06
20779 0.0
15911 0.000208712601003078
5359 0.00048111618955977865
5360 0.0
5361 0.0
24456 0.0
5363 0.00048111618955977865
13556 0.018804086673601953
5365 0.0
5366 0.0
5367 0.0
21754 0.007353974442282049
21755 0.0
8069 0.00048111618955977865
5385 0.007671551208892709
17821 0.0
21771 0.011371961968626765
6726 0.0
15917 9.140964531501782e-05
5392 0.0003545974602897058
18648 0.00012513982097045825
21778 0.0
5395 0.0
20014 0.001186550524565101
5400 0.0
5402 0.0
13597 0.009961504598937241
5407 0.0
13600 0.0
3632 0.0
5411 0.0
13604 0.0
21798 0.0008708556148589459
21799 0.0
21800 0.0
22748 0.0
13614 0.008930256777921954
13615 0.0
13616 0.0
17956 9.847240568046436e-05
5427 0.0
18457 0.0
13622 0.0
21815 0.0
21816 0.0
13625 0.0
5434 7.578999636741257e-06
5435 0.0
17290 0.0
21823 9.91926945118208e-05
21824 0.0
21825 0.0
13635 0.00528255388883345
13636 0.0
5445 0.0
21830 0.0014426539832276136
21831 0.0
21832 0.0
4273 0.0
13647 0.0009978178120332646
13649 1.3827395566697738e-06
13651 0.0
25486 0.0007667042942028412
21847 0.00011329415134369241
5464 0.0017701365609250536
5465 0.0
13659 0.006909611027870718
5469 0.0
13664 0.0009620008506356499
21860 0.0017077162759170288
21861 0.0
21864 1.2849830856866076e-06
5481 0.0
21866 0.0
5483 0.0
5485 0.00048111618955977865
15933 3.0066281945316283e-05
5488 0.00048111618955977865
13682 0.0
13683 0.0
13684 0.0
5497 0.0
5503 0.003364340399659838
5505 0.0
13702 0.0005645777694835194
15585 0.0
10476 0.0026151786350165672
13711 0.001709593952898868
13712 0.0
13713 0.0
13714 0.0
21910 0.009550463287649403
3652 0.0
5533 0.0
5541 0.002029117961333221
5542 0.0
21927 0.0014426539832276136
21928 0.0
21929 0.0
21930 0.0
21931 0.0
13740 0.002812586777960397
5555 0.00161963540936006
13749 0.001754142454314291
21943 0.003221447456217283
21944 0.0
5564 0.0032593637930980004
22023 0.0
18677 0.0
5570 0.0
5575 0.0
24140 0.0
5578 0.0
5579 0.0
21968 0.006062878682705829
5597 0.0038468036583062695
5601 0.00048111618955977865
5602 0.0
866 0.0
5605 0.0028289695801430306
5606 0.0
5608 0.0
13801 0.05885863333957259
21994 0.003761311075910336
21995 0.0
21998 0.00048111618955977865
17277 0.0
13813 0.006629483187052882
5622 0.0
5629 0.001442885511711521
11861 0.005893396576628417
5634 9.809506901682932e-05
5636 0.0
13831 0.001865083556060221
9735 0.0006684944056485303
13834 0.0
22028 0.00048111618955977865
13837 0.0
22031 0.0
22032 0.0
15960 0.0
15191 0.0
10499 0.0
13847 0.0018727656705952974
5656 0.0
5659 0.0
5661 0.0
22046 0.005586780543859178
10501 0.0
22048 0.0
13859 0.0024038444841695873
13862 0.0
7281 0.0
13864 0.0
5673 0.0
5674 0.0
22791 0.0
9138 0.0
14600 0.0
365 0.0
22074 0.008379880571545236
22075 0.0
5695 0.003554331756416423
24160 0.0
22082 0.0013146886863373856
22083 0.0
22285 0.0
25526 0.0
3681 0.0
22088 0.0
5712 0.0033295296918243278
15971 0.0019655969097658855
22100 0.003931406278835547
5717 0.0027668417797708485
953 0.0
22105 0.00012202255374953881
22108 1.7364636293062272e-07
22109 0.0
5729 0.0
5730 0.0
17339 0.0
22119 0.0035414841578100386
5052 0.03882176076433011
5739 0.0
8920 0.0
22129 0.0
9151 0.0
13832 0.0
22144 0.01225128044125704
22147 0.0006973204599942016
22149 0.0
5767 0.0009376943162754809
5769 0.0
5771 0.0
5773 0.0
13966 0.003785113004659217
13013 0.0
13971 0.0
5787 0.003508046015414972
22177 0.012158323785707541
5794 5.552507976253001e-06
18742 0.0
13989 0.005741232653371251
13990 0.0
22184 0.0026433681157522195
13995 0.0
22188 2.697940382059153e-06
22189 0.0
17924 0.0
13999 0.0004224124545391071
5809 0.0
14003 0.002306157878196963
14004 0.0
22197 0.0002712246522921278
14007 0.00032877842940550074
14009 0.0007988941357530641
6431 0.0
5825 0.001089738682604022
5826 0.0
5827 0.0
14020 0.003844414711042033
5829 0.0
5830 0.0
5835 0.001470733152301481
5838 0.00011493520557283901
22224 0.0019236544085454385
14033 0.0012480959360780112
11924 0.0
5843 0.00048111618955977865
14037 0.0
8378 0.0
5848 0.0017398330268956015
10532 0.001620558240303791
5851 0.0
22239 0.0
22242 0.0015098462887927076
14051 0.0019865241845097247
22244 0.0
22245 0.0
22246 0.0
8877 0.0
14067 0.0018892049015103404
22265 0.004362368918029589
22826 0.0006640935581894368
14078 0.0002517995998127865
14079 0.0
22275 0.0016582966397802618
22278 7.582749365344313e-05
14089 0.0015814256077311727
14090 0.0
22284 0.0
5901 0.02005335413486699
19569 0.0
22290 0.0
22830 0.00048111618955977865
14102 0.0018136219945093755
20100 0.007131689867896179
22299 3.457825778122327e-06
16931 0.005282322360349543
2059 0.0
2352 0.0
1561 0.0
3718 0.0
21468 0.0
14123 0.004236011388155621
5934 0.008283362676941481
22320 0.0
22321 0.0
5938 0.0
22324 0.0
11109 0.0
10549 6.0889826693455824e-05
22336 0.004222773830355484
5953 0.0046240683411300065
16011 0.0
5957 1.3891709034449815e-06
14153 0.0
14154 0.0
22839 0.0
14157 0.0014426539832276136
3725 0.000208712601003078
6456 0.0
25571 0.0
14165 0.0018377086334071127
1699 0.0
25572 0.0
11919 0.001134060852432274
22366 0.008735595709622374
14176 0.0
22369 0.0
22371 0.0
22372 0.0
14181 0.008003508321524523
22375 5.788212097687424e-08
22376 0.0
22377 0.0
26042 0.0
22379 0.0
22382 0.0
3731 0.0
6009 0.0
22394 0.0
22395 0.0
6023 0.003134105513669018
6024 0.0
23387 0.0
6030 0.0014052050292140677
22415 0.0037834517230052743
6033 0.0
1006 0.0
22423 0.007192432352586393
22426 0.0022580614802158302
17392 0.0
22436 0.0
17393 0.0
6056 0.001657433183607164
6064 0.00013775455057895672
5107 0.01830024120438999
19244 0.0
15205 3.858808065124949e-08
14265 0.03136463751649729
6076 0.0
6077 0.0
22462 0.0004996942628640485
22463 0.0
22464 0.0
6081 0.0
22466 0.0
20934 0.0006141847736368942
22476 0.0029506785592670983
11114 0.0
6094 0.0007907226865579791
6095 0.0
22483 0.00224195550996151
15206 0.0
17401 0.0
22489 0.0
17934 0.0
22493 0.002820985396814326
22497 0.0
14308 0.0009164719106106529
22502 0.00048111618955977865
22503 0.0
22504 0.0
22507 0.0
14316 0.000743958862361736
14317 0.0
14319 0.0
3752 0.0
14324 0.00048111618955977865
14325 0.0
16041 0.0
18772 0.0
25599 0.0
22527 0.00553608846623144
22528 0.0
14337 0.0026316343693274804
22530 0.0
14340 0.0
9217 0.0
14344 0.00024109773511549084
14345 0.0
6154 0.005732514343894644
6156 0.0
24471 0.0
6158 0.0
14351 0.0029483585017760277
6160 0.0
14357 7.392178101806239e-06
20664 0.0
6172 0.00043530221908670515
2394 0.0020396678679869863
7025 0.0
6176 0.0
14369 0.00017631958654436096
14370 0.0
6179 0.0004813386513458408
14372 0.0
14373 0.0
1024 0.0
6183 0.0024033042510404694
14376 0.0
14377 0.0
14379 5.145077420166599e-08
6190 0.0
14383 0.0
14385 0.0
18782 0.0003274415701212314
22879 0.0030843033541154224
5130 0.0
3765 0.0036441468709222055
14403 0.0024346610412203074
1025 0.0
22598 0.01096389535856122
20519 0.0
22601 0.005530451075625215
6218 0.010324317101179073
22603 0.0
6222 0.0
22609 6.971406891166362e-06
22610 0.0
14419 0.00032471121263209513
8118 0.0
14424 0.0001561584684638743
18788 0.00040678431980224007
22618 0.00045007353713423775
22620 0.0011822585726366215
22621 0.0
14430 0.005203899777119153
5136 0.0
3772 0.0
6503 0.0033646876923856994
3773 0.0
22644 0.008928961158387745
22645 0.0
6264 0.015866933113349534
6265 0.0
6266 0.0
14698 0.0
6271 0.0004949727782340891
22577 0.0
16065 0.0
6280 0.0015577354039074559
16576 0.0
17191 0.0
6288 0.0
6291 0.0
14485 0.0373601244518018
6301 0.0
260 0.0018931741909254214
14496 0.0009620008506356499
6305 0.0
14498 0.0
22691 0.015541020792716133
14500 0.0
22693 0.0
22696 0.0
22699 0.0014187151596619875
6316 0.0
6317 0.0
14512 0.0020990319738050053
22899 0.00018674559553315994
9485 0.0
14709 3.800558638641849e-05
6337 0.0018673853627224415
22722 0.0
6340 3.6573676505808373e-05
22725 0.0002404423305379356
22726 0.0
22727 0.0
22728 0.0
14711 0.0
14540 0.0005921319135847035
14541 0.0
22734 0.0
6351 0.0
22738 1.2175907685794722e-05
1059 0.0
22741 0.0
14550 0.0
22744 0.0
22746 0.0
6364 0.0006249777269017011
14558 0.0
14559 0.0
14562 0.0
22758 0.002644916658030576
6375 0.00011339074710874687
6376 0.0
9255 0.00015293299072061456
6380 0.0
22765 0.0
21544 0.0
22770 0.0
6387 5.145077420166599e-08
6388 0.0
6390 0.0
22778 0.004027456834767707
22779 0.0
21546 0.0
13355 0.0005908927819073375
22790 0.0024415036777619293
14599 0.04051657864826662
6408 0.0032172778811640685
22793 0.0
6411 2.3152848390749695e-07
22798 0.007358127142197633
19581 0.0
25319 0.0
6421 2.1979336175533128e-05
22806 0.0004812898359227093
14615 0.008612974337511863
14616 0.0
6427 0.0024041917768954485
14620 0.0
14621 0.0
22815 0.0004037302067255276
25648 7.66809421715093e-05
6434 0.001084620624852813
14627 0.0014705944476337963
14628 0.0
1073 0.0009621166148776035
6442 0.0006479480783896594
9266 0.0
14638 0.002851205443553528
22831 0.0
22832 0.0
22834 0.0001666833439065842
1075 0.0
22836 0.00024050021265891247
22837 0.0
14647 0.0
14648 0.0
5172 0.007600989859347093
14652 0.0
22848 0.0019230755873356697
6465 0.0001143382284178582
6468 0.0038759319473577396
14661 0.0035224329846066933
14664 0.0
14667 0.0014227678837365392
6482 0.004223965557869882
9273 9.971199786600129e-05
20196 0.0
22876 0.006245736569929077
6494 0.00046332874177581454
14128 3.289415861018335e-05
14690 0.0029321688619147216
14691 0.0
16102 0.0
22887 0.0017902369240982749
22888 0.0
6506 0.0010947297186671599
7911 0.002097401954492945
8222 0.00017103349588727245
6512 0.0028318984714746686
6513 0.0
14707 0.00045017802940133767
22900 0.0
22901 0.0
14710 0.0
22903 0.0001594743881048177
6524 0.0034382349141736197
6525 0.0
6527 0.0
6529 0.0
6530 0.0
16107 0.0
6532 0.0
22917 0.004898477797196729
2127 0.0
6541 0.0
6543 0.0
6544 0.0
22929 0.0
6219 0.0
22937 0.0013251463574752687
14746 0.025712573227557742
14747 0.0
6556 0.00048111618955977865
6558 0.0
3824 0.0
22951 0.002831300541886486
22953 0.0
22954 0.0
18920 0.002741969337341031
14766 3.6573676505808373e-05
14767 0.0
22964 0.0
22966 0.0
6583 0.011007095653446312
17950 0.0
1098 0.0
22975 6.291432054688809e-05
22979 2.3354994775252505e-05
10657 0.0
22989 0.00041020314071608585
13389 0.0
22993 0.0
6610 0.020293745111680327
6611 0.0
14807 0.00472407800625682
14808 0.0
14809 0.0
6626 0.0
6627 0.0
6629 0.0
1105 0.0
6632 0.0
6635 0.000791735835461893
6638 0.002403960248411541
6641 0.0
14834 0.005977882357958073
14841 0.0
14843 0.0
23038 0.025280865331550977
16070 0.0
14854 0.00048111618955977865
23681 0.00032193924959165543
6666 0.001923422880061531
23051 0.0019193337785812668
14864 0.003499475270232327
14865 0.0
16589 0.0005522229842583577
6675 0.0009622323791195573
14869 0.0
14870 0.0
23063 0.0
14872 0.0009936185563267682
23066 0.0019230755873356697
6575 0.0035881503359596824
21594 0.0
20229 0.0
6700 0.010807102714198493
6702 0.0
17501 0.00526700126720046
6707 0.0
23092 0.0001894313828783276
23093 0.0
23095 0.0
23096 0.0
23099 0.0
24330 0.005355855214559148
23107 0.0032980964390246417
6724 0.0025502432622974813
23110 1.534268233141259e-05
23114 0.006783986475218866
6732 0.0003568796407591694
9314 0.0
12045 0.0
6737 0.0
6738 0.0
14932 7.378668825325132e-05
14933 0.0
20683 0.0009505554659097439
9316 0.0
6746 0.0
6748 0.0
23134 0.011242970189869562
23135 0.0
23137 0.0
23138 0.0
6226 0.0
14952 0.004920847470888853
23145 7.358939100222444e-05
23146 0.0
23149 0.00012449027035650874
23151 0.0020410759290194784
23153 0.0
12051 0.0
6774 0.0035071875333750756
14967 0.0021151302954949677
16148 0.025018352264409943
14970 0.0
23163 0.0
14972 0.0
24341 0.0
1711 0.003269158849225261
9265 0.0
14619 0.0
14982 0.0
14983 0.0
14985 0.0
11611 0.0
14991 0.0
12056 0.0
23186 0.0010859538729360873
6804 0.0016801231777804893
13422 0.004802711105935163
6806 0.0
6807 0.0
6808 0.0
6810 0.0
15003 0.0052919912830193825
15005 0.0002670742377748049
15006 0.0
6815 9.310591684051301e-05
25050 0.00043261200414339
15010 3.6573676505808373e-05
16155 0.0
23204 0.002270234118804996
6823 0.005681390799570129
6824 0.0
6825 0.0
6828 0.0
23214 0.001442885511711521
23216 0.0
3228 0.002051528967605046
6835 0.0
6838 0.00239814485604524
23224 0.0007908602190232647
23225 0.0
23227 0.0
23233 0.00017206650897398597
20257 2.9778748232321176e-05
23240 0.0
6857 0.003673400245953638
6858 0.0
6859 0.0
12066 0.0
23246 0.00032168105561960824
6863 0.0
6864 0.0
6867 0.0
6868 0.0
23256 0.0002660786488559216
20260 0.0
15066 0.005920908529903649
6878 0.001442885511711521
20261 0.0
23264 0.0
23266 0.0
23267 0.0
3878 0.0
21779 0.0
15081 0.0002720979438434294
15082 0.0
6891 0.000594525131113417
6892 0.0
9341 0.0
6896 0.0
2515 0.0
5246 0.0005342457858091409
6904 0.00015727318960574572
6905 0.0
6907 1.3827395566697738e-06
23293 0.011266093474551491
6911 0.0
23297 0.000977043936702667
23298 0.0
1594 0.0018823354875238767
23300 0.0
6918 0.0
23303 0.0
6920 0.0
23306 0.0038424467189288195
25872 0.0
11491 0.0
21635 0.0
15125 2.3784749940181323e-05
6934 0.007045973850428704
15127 0.0
6941 0.0009447949461579236
6943 0.0
6944 0.0
1595 0.0
11121 0.0
16177 0.0001053040866985319
15144 0.007109144912668981
15145 0.0
5255 0.0
15148 0.0
15150 0.0
23344 0.006652471206528725
18580 0.0
6963 0.002624414661606441
18910 0.0
23351 0.0002698552008513838
15160 0.0
15161 0.0
23355 0.00048111618955977865
15166 0.0
15170 0.0
23363 0.0006639129903054869
15172 0.0
15173 0.0
15175 0.0
14818 0.00040917306700670355
15184 0.0025168439559908507
15186 0.0
15189 0.0
23382 0.013849493614167834
23383 0.0
15192 0.0
23385 0.0
15194 0.0
15195 0.0
15196 0.0
15197 0.0
15198 0.0
7007 0.024178123947116936
15200 0.0
23394 0.00048175289289052427
7011 0.0
7013 0.0024587388982298198
7014 0.0
7015 0.0
25875 0.0
15209 0.0
2143 0.0
23403 0.0008747178937948439
5266 0.0010688621934314083
15214 2.9967324691641544e-05
7023 0.000604340721473521
7024 0.0
23409 0.0
5267 0.0
23412 0.0
23417 0.0
23418 0.0
23419 0.0
23420 0.0
7038 0.0
7039 0.0
7042 0.00010872347091612707
15235 0.0036201609710574925
7045 0.0033975996312714807
7046 0.0
7050 0.001121577650059121
15244 0.014790972988763832
15245 0.0
15247 0.0
23441 0.0016172292996924269
15250 0.0
15251 0.0
15252 0.0
15253 0.0
3593 0.0017463354669637746
15258 1.849388764614752e-05
23452 0.0019221163611183615
7069 0.0011150389302988632
23454 0.0
3909 0.008800681026913332
7072 0.0
23458 0.0006469507960041589
4466 0.0005261909807070399
23464 0.0
6642 0.0
23470 0.00025081320818335463
7087 0.0029679238620260377
7088 0.0
7090 9.695038226659748e-05
7091 0.0
23476 0.00024050021265891247
23477 0.0
7094 0.0
7095 0.0
7096 0.0
23481 0.0
7098 0.000601688899836871
23485 0.0007511748980354178
7103 0.0
7104 0.0
7105 0.0
23490 0.00048111618955977865
23492 0.0
15301 0.0
19877 0.002884497616761551
15306 0.0
23503 0.0008900598765337067
23506 0.002907110903018418
15316 4.137915271029888e-05
7125 0.0014123602934820794
7126 0.0
23511 0.0
15321 0.0020164763299462996
23514 0.0
16877 0.0
15325 2.5599704455604234e-07
15786 0.0
15329 0.0
293 0.0
3511 0.0
23529 0.00220808036844246
24402 0.0009620008506356499
7154 0.011832764214203395
2558 0.0
16087 0.0
15353 0.0009621166148776035
2559 0.0
15357 0.0010099679459574446
23552 0.0011971497779586964
23555 0.0
15365 0.00048111618955977865
23558 0.0019230755873356697
14969 1.8825470774859574e-07
3321 0.0
15372 0.0011468099976048582
2562 0.0
17581 0.0
16649 0.0
7188 0.0031219242613286157
15382 0.00022960684324514278
15383 0.0
23576 0.0009620008506356499
23577 0.0
17583 0.0
7197 3.6573676505808373e-05
9392 0.0
15395 0.002934181019415033
7204 0.0006062277688824698
7206 0.0
15399 0.00048111618955977865
15400 0.0
7209 1.5356859563508714e-06
3594 0.0
2568 7.717616130249897e-08
15516 0.0012374061450296874
15413 0.0019228440588517622
15414 0.0
15416 0.0
17124 2.5507675434247783e-05
15419 0.0
15420 0.0
23614 0.01808886587373837
17589 0.0
23616 0.0
6667 0.0
23620 0.00018714102938944917
23622 0.0
23623 0.0
15435 0.004342517977827001
23628 0.0
7245 0.0014457328309359322
7246 0.0
7247 0.0
25784 0.0
23637 0.002759332834572892
13497 0.0
23647 0.00807378803066036
7264 0.004726269829378536
23649 0.0
23653 0.0
7277 0.0014409790219464711
7278 0.0
23665 0.004346451690881455
5698 0.0
15477 0.010400219353551112
15478 0.0
15479 0.0
23429 0.000926014268972766
23673 0.0
23674 0.0
3516 0.001442885511711521
18366 0.0
9408 0.0
22611 0.0
23683 0.0
23686 0.0
15495 0.0016802600898376823
23689 0.0
7307 0.02068082568977785
23693 0.00019650492801055034
7311 0.0
23064 0.0
7317 0.0005593289804038816
8047 0.0006505024236343587
7324 0.000733724520644146
23712 4.1675127103349446e-08
23713 0.0
23714 0.0
15523 0.0
15524 0.0
23720 0.00014663832076547455
23721 0.0
23723 0.0004240608079176644
23727 0.0
23730 0.0
3955 0.0
17157 0.0
7350 0.012481511408453341
7355 0.00027164065012895075
7357 0.0
12149 0.0
15552 0.007852567001931453
15559 0.00288415032403569
15562 5.145077420166599e-08
23758 0.0
15568 0.001442885511711521
15571 0.0002933013152190807
7383 0.0061816549870398405
7384 0.0
23770 0.007968755444699348
25069 0.0019230755873356697
15580 7.682290129634179e-05
15582 0.0
23775 0.0
21712 0.0
15589 0.0
23786 0.0
18983 0.0007160435061599826
15596 0.0
1234 0.00362469195263605
3965 0.0
15600 0.0
17304 0.0
23805 0.005122747160994281
15614 0.000279538797053716
15616 0.0
23809 1.2511172221037115e-05
23810 0.0
21718 0.0008394494682638512
23161 0.0016810704395313586
15625 0.0
15626 0.0
7442 0.011598192995367008
7444 0.0015106610237671525
7446 0.00048111618955977865
7447 0.0
7449 0.0008631093974014344
7450 0.0
6703 0.0
23836 0.003932181684443208
24453 0.00030488687597823643
23841 0.006478579344218295
7459 0.007878972850800655
24454 0.0
7463 0.0019427489355954832
15657 0.0
15659 2.2246178606222628e-07
23855 0.005407230527248332
15664 0.0
8072 0.0
23858 0.0
7475 0.0003624449326029411
15669 0.0
23863 0.00022048508221041602
23864 0.0
6708 0.0
23866 0.0
21727 0.0
7485 0.0
15678 4.3983610485106446e-05
2613 0.0
15682 0.0
15683 0.0
15685 0.0
15687 0.0002403844484169587
23880 0.002426005938818633
25091 0.0
17162 0.0
23883 0.00015934706729430118
7504 0.003592163622958761
7506 0.00024050021265891247
17235 0.00048111618955977865
1341 0.0007307844936669546
7510 0.0
7511 0.0
23896 0.0010771537976492919
23509 1.358601687736819e-05
4069 0.0
15708 5.145077420166599e-08
23901 0.0
15714 5.145077420166599e-08
23907 0.0004897909049319673
7524 0.0
7525 0.0
15718 0.0
23912 0.0
19004 0.0
23915 4.3983610485106446e-05
7533 0.0009427776865820347
23918 3.858808065124949e-08
23920 0.0
7541 0.0003545974602897058
5353 0.0
7546 0.0009621166148776035
9450 0.0002144556869912353
22309 8.480597642892846e-05
23939 0.011042069518022427
7071 0.0
24470 0.0
23943 0.0
23944 0.0
23945 0.0
7563 0.0028515141907737053
23950 0.0
7573 0.0
7578 0.00036437615063107263
7579 0.0
15774 0.0
23967 0.017699774373600426
7584 0.00048111618955977865
7586 0.0
2630 0.00048111618955977865
7592 0.00048111618955977865
13619 0.0006365670216644322
15217 0.0
7595 0.0
7597 0.0
15793 0.0017074663787258254
23986 0.0028786335093551733
9459 0.0
23989 0.0
15799 0.0050432154787769115
15802 0.0
3999 0.0
15805 5.145077420166599e-08
7615 0.003762883708848637
24001 0.0006824626679139575
24002 0.0
15814 0.005359813475618452
15816 0.0
14924 0.018107766881966716
15821 0.00048111618955977865
7635 3.6573676505808373e-05
15829 0.0005424081163885942
7638 0.0
24023 0.0005878954119647099
7645 0.0016448740929332299
24032 0.0
24034 7.375902273256688e-06
15846 0.0022140690256919364
17440 0.0
15850 0.0004160019442836327
17986 0.0
25854 0.0
24057 0.02067347392952661
1279 0.0
24060 3.3981559785504285e-05
25856 0.0
15880 0.004540950484262871
7689 0.039693374490335075
15882 0.0
5166 0.0004318975275256623
7695 0.0
1620 0.002476716631896565
15891 0.0001143382284178582
15898 0.00048111618955977865
4015 0.0
7712 0.005519783501418317
24097 0.007678468522429206
7715 0.0
7716 0.0
7717 0.0
7719 0.0
15912 0.0
15913 0.0
7725 0.0007218043441561441
7726 0.0
7727 0.0
15920 0.0
24113 0.0
24114 0.0
24121 1.1208547475335222e-05
24122 0.0
15931 0.004778507752726908
9482 0.006646547847344798
24126 0.0010846080543582724
15935 0.00048111618955977865
24129 0.0
15938 2.2054476347640934e-05
15941 0.0019230755873356697
15942 0.0
15943 0.0
21772 0.0
25354 0.0002375771277143424
15947 0.0
6175 0.0
10850 0.0
15951 0.0009620008506356499
24148 0.0001865591974741431
24149 0.0
15959 0.003959130268677468
7768 0.00780222377734217
7769 0.0
7772 0.0
24506 2.1806020892816747e-06
7774 6.969346710118608e-05
8715 0.00010318232699093048
21776 0.0028006967412194973
24163 0.0
15972 0.0
15973 0.0
15974 0.0
21777 0.0
6533 0.0
15977 0.0
17990 0.0004324939945954629
24174 0.0
2664 0.0
9491 5.738457202885267e-05
24183 0.0008894909881310811
7801 0.002702130461768938
7802 0.0
15998 0.000872101559256961
15999 0.0
7625 0.0007064222716753398
7811 0.0001564101467078672
16006 0.003244123025154066
24199 0.0013098110679984308
16010 6.523217514820395e-05
24203 0.0
24204 0.0
16013 0.0004805373683500099
7824 0.0016824596104348035
24210 0.00020273715636996513
16020 0.0029632395294048705
7829 0.0009621166148776035
16022 0.0002670742377748049
24219 9.850817707440822e-05
24220 0.0
20421 0.0012821566723594966
16032 0.011279044046550828
7844 0.0018391075928163199
7899 0.0006563054983088502
16039 0.002403960248411541
21811 0.00048111618955977865
16042 0.0
7853 0.00027221552720770357
7854 0.0
7855 0.0
24240 0.001210534643910471
7857 0.00048111618955977865
19059 0.0024069657908416895
7863 0.0
16056 0.005863643064638258
1311 0.0
24252 0.0
1353 2.052209960778893e-05
5408 0.0
16067 0.0
16068 0.0
7878 0.0
7882 0.0008862114370054408
7883 0.0
7885 0.00048111618955977865
24270 0.0007123728477113494
24271 0.0
16083 0.002862941507070173
16084 0.0
7893 0.002623918114767257
7895 0.00048111618955977865
24280 3.8448850100176785e-05
5412 0.0
16357 0.0006398658159294293
12971 0.0
16101 0.006564930259053456
24294 0.0
24295 0.0
16106 2.866168172324275e-05
5415 0.0
16108 0.0
16110 0.0
24814 0.008746929308316614
16115 2.4027345602733215e-05
7926 0.006686451037198601
5417 0.0
16123 0.0013270071633534805
9514 0.0
7935 7.52052623763024e-05
16128 2.9791072029009733e-05
14976 0.00027221552720770357
16131 0.0
5672 0.0
22087 0.0
24332 0.0
7956 0.0019031352066585954
21806 0.0028546123227372257
7959 0.0
16154 0.0019235386443034847
1327 0.0
16958 0.0
16159 0.001230965774194303
9267 0.0
16162 0.00327570984854772
8155 7.938854696532287e-05
19078 7.794081420155171e-05
22433 0.0
16348 0.0
8449 0.0
16174 0.0002488179479316452
7985 0.01075560458715019
24371 0.018176953444476077
24372 0.0
7991 0.0
7999 0.0
8000 0.0
24385 0.0005606366117546409
21814 0.0
24398 0.0005658409961358081
13624 0.00090073126965896
16210 0.004056023972619303
16213 0.0
16216 0.0
4068 0.002584631359122753
24412 0.003872788375919775
8031 3.220758520348447e-05
16225 0.0
16227 0.0
8037 0.0
16230 0.0
16231 0.0
16232 0.0
16234 0.0
16235 0.0
10898 0.0
24431 0.001925281363918738
8048 0.0
8049 0.0
8053 0.0
8055 0.0
24444 0.0
16584 2.7152216123025834e-06
8063 0.0024555710303820785
8064 0.0
16258 0.0032187775301304672
8067 0.0
16261 0.0
16262 0.0
5441 0.0001066400589436996
16264 0.0
16265 0.0
8074 0.002560644856624963
2451 0.0
16270 0.00024005575353212204
8079 4.007400680543697e-05
16274 6.897200390355644e-05
1347 0.0
269 0.0
16278 0.0
8087 0.0002038218063871131
16280 0.0
5444 0.0
24474 0.0
24475 0.0
24477 0.0007308901180985223
24479 0.0
16091 0.0
4081 0.0
24489 0.0024545539027667823
24490 0.0
6813 0.001011782110131986
24499 0.0
8116 0.011280410959526742
19102 0.0
16310 0.01613254407440417
24503 0.0
8122 0.0010890563730277776
15007 0.0
8128 0.0005029684364132065
10912 0.00024050021265891247
17739 0.0
16324 0.003028052704452372
8134 0.00064310311775756
8727 0.0
17740 0.0
16331 0.0001703523617901579
16332 0.0
16333 0.0
16334 0.0
16335 0.0
16336 0.0
8184 0.0
8148 0.0
3873 0.0
8150 0.0
8151 0.0
16347 0.001382116334346427
8156 0.0
16349 0.0
19109 0.00026618288323934354
16352 2.3152848390749695e-07
8161 1.4955918371360089e-05
11183 0.0
12547 0.0
10919 0.0
24559 0.017736005833282022
16368 0.005828446374658661
8177 0.0033650349851115607
8178 0.0
8179 0.0
20478 0.01653305309400551
24568 0.0016058268829228569
8185 0.0
20479 0.0
13653 0.0
