0 0.690636016996 0.470708818492
1 0.685468416797 0.399745550874
2 0.465893847086 0.392961790239
3 0.502282899107 0.479072927711
4 0.499861013767 0.466578578592
5 0.700473925886 0.528558697186
6 0.633863803528 0.560751526758
7 0.6343284252 0.569217760003
8 0.616419383236 0.468909074885
9 0.627581188869 0.495230527703
10 0.797082841991 0.412871016149
11 0.641685265852 0.518767623768
12 0.467918509878 0.392096056505
13 0.645716496024 0.557665923528
14 0.617333375353 0.539784155604
15 0.613518073591 0.636258151502
16 0.63058794909 0.439103789513
17 0.527220437772 0.71787812072
18 0.591046425536 0.693836900314
19 0.724370209995 0.651789996443
20 0.593729911126 0.57744881494
21 0.567778846186 0.610997040939
22 0.623779272557 0.660888101808
23 0.499377156197 0.676267394912
24 0.467457645566 0.619994908687
25 0.750669414606 0.577376502984
26 0.516171782833 0.787505562527
27 0.617870556537 0.649952905157
28 0.824221365036 0.463628694925
29 0.459083477815 0.715225623409
30 0.586818695159 0.776355452081
31 0.541475208404 0.630233950148
32 0.643252825163 0.754486793242
33 0.526259676858 0.682786635972
34 0.598811118504 0.663034461875
35 0.549090577363 0.687340921855
36 0.571523352981 0.674806573136
37 0.685988925218 0.583308127846
38 0.462299659006 0.771013462586
39 0.711358415194 0.417387953346
40 0.445711768971 0.728832461052
41 0.504426421207 0.694038595284
42 0.449116598994 0.489467951501
43 0.533561668956 0.679639885377
44 0.331081669327 0.508213367398
45 0.397588887852 0.713009671604
46 0.49682263887 0.662931644093
47 0.541256032245 0.615925652632
48 0.540951990033 0.575663208985
49 0.512794644683 0.762067557127
50 0.475576875573 0.687771237233
51 0.49072080242 0.81162266494
52 0.615965469852 0.594516166752
53 0.517569659634 0.627019635128
54 0.605376048233 0.781403021651
55 0.63069623377 0.769338126139
56 0.475213259246 0.724378629153
57 0.477899368656 0.793993951562
58 0.493443675762 0.643189264852
59 0.629206009196 0.629351580283
60 0.44568381413 0.637731730277
61 0.386482116104 0.708131444135
62 0.62901764664 0.693876710733
63 0.601863169862 0.548657851989
64 0.557888029606 0.670350699319
65 0.664858275434 0.517985177628
66 0.563401241089 0.763739538278
67 0.539986378417 0.505473245104
68 0.545789542336 0.757929781886
69 0.54364826559 0.654469271746
70 0.663325331024 0.758787923445
71 0.595042722668 0.648514460562
72 0.624467440163 0.519688992852
73 0.569080954614 0.578210277943
74 0.586592869277 0.59098891443
75 0.524867465864 0.600531011954
76 0.65372918087 0.701053588124
77 0.582202132696 0.605700325549
78 0.493222014738 0.543905560988
79 0.44342118992 0.572179016806
80 0.901636178781 0.466727052294
81 0.794948245156 0.592694991047
82 0.460385639152 0.66262875186
83 0.667894796364 0.643492386892
84 0.504243639652 0.416580348175
85 0.574551158435 0.521437882109
86 0.499280459405 0.427970694472
87 0.544101146716 0.510227033353
88 0.510853733616 0.578089413306
89 0.566060757862 0.531456122281
90 0.526113403627 0.540810870955
91 0.497737236245 0.615423613081
92 0.680843202576 0.381694325458
93 0.600296915363 0.506478651301
94 0.781765847316 0.551701287388
95 0.463305170238 0.48497632997
96 0.433861664592 0.458921549233
97 0.227677066302 0.352818006924
98 0.532067131072 0.343093083345
99 0.708037996419 0.501704825622
100 0.787971938314 0.50415591746
101 0.651449906031 0.436838180987
102 0.712590262346 0.429908865215
103 0.6931469993 0.444101252146
104 0.683436192421 0.504676416474
105 0.730004541687 0.47264984778
106 0.609609350603 0.49065009707
107 0.816532358208 0.447635366678
108 0.672585455767 0.442499069376
109 0.635513435752 0.37174722392
110 0.749724149173 0.422469120601
111 0.538264275439 0.376805739233
112 0.680437804391 0.552798716439
113 0.746305041852 0.314830093042
114 0.656800830916 0.410493349285
115 0.844829098022 0.37064901908
116 0.642511207196 0.401229669455
117 0.454717922814 0.344438159481
118 0.466205500505 0.356359444185
119 0.510996398149 0.354854393433
120 0.717373604736 0.390440185972
121 0.619343921688 0.40222505021
122 0.753297295253 0.333197406158
123 0.574827646251 0.314753772476
124 0.832441401226 0.329587878695
125 0.40218142111 0.353088347787
126 0.989041878865 0.350213940621
127 0.781436229708 0.396427795541
128 1.0 0.415960723531
129 0.562425021404 0.365222551831
130 0.568436931784 0.465435477247
131 0.673923798359 0.483699079656
132 0.575826228075 0.481318096174
133 0.465887525965 0.448105362264
134 0.848117930353 0.507772015587
135 0.838180021863 0.405333220972
136 0.880322164509 0.326682705927
137 0.507456990808 0.383458900605
138 0.777411563599 0.355524151004
139 0.828374266383 0.359828587563
140 0.841148345548 0.263922899958
141 0.735325562936 0.270973094591
142 0.494940149078 0.368700870097
143 0.892202574847 0.278726984896
144 0.750426420149 0.0903406566101
145 0.554967502773 0.285761674326
146 0.658757515349 0.179818366307
147 0.763338053845 0.220720850568
148 0.550742792013 0.295333401636
149 0.625302866337 0.324923444292
150 0.64769910596 0.301634889128
151 0.398917574022 0.421320438999
152 0.303198656202 0.380719969142
153 0.299988455816 0.308714443569
154 0.347046900734 0.476645066908
155 0.379919959493 0.495704420995
156 0.360787061664 0.342365194669
157 0.374957325569 0.395046494136
158 0.317784696419 0.49227234703
159 0.370645262207 0.381803000119
160 0.377722684776 0.420368555715
161 0.351767632886 0.39830962205
162 0.32188012384 0.446703109748
163 0.350082287014 0.433902486562
164 0.247734521227 0.463073187465
165 0.235194592025 0.365758829525
166 0.360780605824 0.291499131984
167 0.342565287818 0.292627695311
168 0.329753972651 0.430967044903
169 0.264794207685 0.449427216737
170 0.421651405689 0.228868971881
171 0.444041719852 0.302302959447
172 0.388656599743 0.35749923819
173 0.437584009879 0.391703255079
174 0.533468873392 0.23852013544
175 0.291073438536 0.404019520872
176 0.317926323729 0.292935153639
177 0.354942142124 0.260033535504
178 0.367124956688 0.45795702955
179 0.373851801648 0.440826787582
180 0.390337326522 0.39928989295
181 0.317800094466 0.359413239533
182 0.392403731501 0.437972294605
183 0.301380824665 0.249634338833
184 0.434807720134 0.258230369041
185 0.434409304622 0.29241486025
186 0.569485552746 0.250862401516
187 0.415167824172 0.343121816222
188 0.253165669097 0.516468010356
189 0.339926199302 0.414013267861
190 0.616014230862 0.319725380204
191 0.580281368296 0.341102731785
192 0.277749941357 0.409851805452
193 0.54061759734 0.392429700429
194 0.415668152656 0.212677398357
195 0.482678528899 0.420256286769
196 0.343866921699 0.534869533114
197 0.306677120356 0.476248985829
198 0.594938589495 0.372948027847
199 0.466532168979 0.306845885193
200 0.398886251643 0.373406725207
201 0.576152586625 0.404467780656
202 0.478427799805 0.301374824395
203 0.522013047386 0.327028430357
204 0.409598318887 0.32123278617
205 0.575459792606 0.365690653846
206 0.461235215021 0.382446752211
207 0.419298841742 0.316528551138
208 0.892188599754 0.366498370967
209 0.583626896233 0.626821539278
210 0.514820593313 0.514186709307
211 0.649285403755 0.539379064757
212 0.654418595036 0.491892526024
213 0.560391204208 0.417013981272
214 0.519205303168 0.494348767841
215 0.635614259978 0.353217994723
216 0.545727614721 0.474206055922
217 0.516645742882 0.278639080198
218 0.548780591058 0.428925603418
219 0.345971049722 0.372105911198
220 0.388912715689 0.212731566985
221 0.272446106491 0.249057288861
222 0.84593501071 0.635704147015
223 0.880261058543 0.589797787038
224 0.546608099914 0.359192646311
225 0.529267817196 0.443099073179
226 0.477204841417 0.276156123906
227 0.265910091098 0.269542475461
228 0.514849871872 0.204257566562
229 0.541165217845 0.141837292884
230 0.231881204879 0.441062087238
231 0.271549377517 0.351304467165
232 0.292782808639 0.433563421813
233 0.313476536965 0.334953684988
234 0.214720893556 0.457379993691
235 0.750814154334 0.621025083119
236 0.698414600361 0.646433521748
237 0.207890287403 0.391219982834
238 0.330364870279 0.310960699121
239 0.588797810974 0.445957265375
240 0.396849303909 0.627532712347
241 0.560263166418 0.499495827869
242 0.765638151109 0.0243740777534
243 0.696057637476 0.0
244 0.387048803832 0.313789789506
245 0.300404469628 0.350785176865
246 0.184501252203 0.378723083357
247 0.518396637216 0.180240280449
248 0.54916684003 0.186180222547
249 0.149994769266 0.321586290636
250 0.244935606792 0.28829378138
251 0.0329481513043 0.438256870472
252 0.400751483412 0.14774571968
253 0.239337916862 0.332374065603
254 0.290109280281 0.27087382425
255 0.45247098679 0.183777623314
256 0.413647525501 0.186292473959
257 0.44440067535 0.215050769375
258 0.383337603214 0.171921929969
259 0.431330154852 0.161929238789
260 0.826641599762 0.11387624365
261 0.476032411129 0.208207572239
262 0.215580665864 0.262849583478
263 0.202726378972 0.303310369901
264 0.179505071992 0.297736196609
265 0.178247059294 0.334052577696
266 0.159742753957 0.371979023695
267 0.162793072522 0.351594930223
268 0.117275042561 0.433329318739
269 0.189116986529 0.491361834377
270 0.0990519013423 0.56548898276
271 0.160582151321 0.476581271104
272 0.115579498417 0.543748322694
273 0.11774588379 0.45895663837
274 0.0278420330284 0.527763606559
275 0.195133230944 0.409793976265
276 0.173017983896 0.432748040556
277 0.111732675621 0.408585846165
278 0.0683088880168 0.470125050015
279 0.0818143348837 0.514355524981
280 0.0414236982873 0.403035035439
281 0.0 0.50575406153
282 0.245043689204 0.385235297573
283 0.326533455826 0.369238809186
284 0.25145057817 0.35204763407
285 0.0524795592405 0.698887523208
286 0.0784761933898 0.732857764424
287 0.122232435138 0.736192060299
288 0.149982608867 0.775747773685
289 0.00579344588737 0.607790453577
290 0.0654455832285 0.669460913455
291 0.0283692804196 0.633726059948
292 0.0915376361586 0.705621069998
293 0.112390420649 0.763367489426
294 0.0292759438481 0.665286421809
295 0.799786185117 0.0424010894326
296 0.732521919571 0.0110147836792
