0 0.0012133539621066094
1 0.015742632204109132
2 0.04801549330577608
3 0.028535608144431877
4 0.031163449440266947
5 0.0030458921848214126
6 0.018474870705423047
7 0.0047052156334351685
8 0.0040908546712254195
9 0.0027840039170696656
10 0.004833755630940963
11 0.001930652350313842
12 0.05759006668189355
13 0.014008952611241727
14 0.01194185727594505
15 0.0028005493963083805
16 0.007074815185759394
17 0.0030845817317728596
18 0.001833160692987866
19 0.0030561115130606745
20 0.004774541304956837
21 0.00797264110101615
22 0.003349162227068301
23 0.0056670727803029885
24 0.0016862134925439225
25 0.0009597668902790082
26 0.0012156284331879465
27 0.006263090103729546
28 0.0006265721108524488
29 0.0026521205692062104
30 0.0008455623771243857
31 0.0038138985709725882
32 0.0013138279021740712
33 0.0025474231786939403
34 0.003523669767528309
35 0.0059587271197817735
36 0.0033822519012222073
37 0.0008392202229555646
38 0.0016706212112268103
39 0.003232273405041667
40 0.0014988231938799072
41 0.0022781883912327185
42 0.009117301195794868
43 0.0040894317482800145
44 0.3033972016765733
45 0.0014879758904321708
46 0.005289978468636176
47 0.0038678835162178336
48 0.006050848776730491
49 0.0047220088326157565
50 0.003084340439595756
51 0.0029185587448964973
52 0.004052953795500712
53 0.001164117892909683
54 0.0007076905500723569
55 0.0007058872839623995
56 0.0016683518638346557
57 0.000536737522264272
58 0.005295874267688398
59 0.016497160701384385
60 0.0017666190874517957
61 0.0018651585704778893
62 0.001318114734423269
63 0.011739016104695592
64 0.003903769476631882
65 0.001034085566041781
66 0.0008930836730002423
67 0.004861382220990804
68 0.000781634807890487
69 0.0014697882590276766
70 0.001117632769457102
71 0.005053579477107629
72 0.0046953203212667
73 0.005201786424722332
74 0.005783679167607876
75 0.0026879695498767293
76 0.0001644263919482043
77 0.004207295027700345
78 0.0015156814495729046
79 0.001083540804765043
80 0.00028854488259526397
81 0.0004509412049010065
82 0.00046082307848547486
83 0.0007049375976583876
84 0.024502903532195405
85 0.005957486961947884
86 0.026740831528213594
87 0.008167909665937757
88 0.001210293960394519
89 0.004746976756040314
90 0.004817814099006113
91 0.0024637827005278097
92 0.0003322796546873569
93 0.014605025308529881
94 0.0005033745670758429
95 0.003456781800810655
96 0.0035035501645968355
97 0.0021478600572206207
98 0.0064652210880150555
99 0.002185607383345419
100 0.0007558200197061483
101 0.005661143548622119
102 0.00896471180160392
103 0.004614932028727246
104 0.007604590021070314
105 0.0031236688280852822
106 0.00199946594647305
107 0.003933031864566711
108 0.006293245268302852
109 0.005817093032562113
110 0.0014470019391378455
111 0.005378776007218309
112 0.006507840412449885
113 0.002815764961649345
114 0.017991376639638568
115 0.004668422846071324
116 0.0032401872696085584
117 0.01336822257296368
118 0.018037489841215257
119 0.005282109528878777
120 0.0015613468598052855
121 0.005807230550575689
122 0.0024457830217336635
123 0.004032868193323573
124 0.0007161422589949475
125 0.025029687942043584
126 5.899806333869996e-05
127 0.0029550333948783654
128 6.73223537314977e-05
129 0.0007345842863693228
130 0.009765744501099226
131 0.003180632172648924
132 0.007715967747035693
133 0.003156091252779745
134 0.0016282512623438114
135 0.00295006189442176
136 0.0001910478602966272
137 0.031147669688527575
138 0.003191186566593026
139 0.002011142852353272
140 0.0002660920145754785
141 0.0027861190941301096
142 0.02364901076923563
143 4.2241760911196096e-05
144 0.0
145 0.011023444910263247
146 0.00022315058213532543
147 0.0002940634427080991
148 0.0053755295264915895
149 0.0050917989710832666
150 0.0036172514448994763
151 0.0016177231233559025
152 0.001758603293018984
153 0.0008423497159532862
154 0.0008261379323095447
155 0.0005419523439376384
156 0.0004685305321133334
157 0.0011898106039636774
158 0.0007154641036217624
159 0.001232985286878109
160 0.0010735498166460943
161 0.0007714892253235471
162 0.0016008289652584195
163 0.002365431156348771
164 0.0016273760419995241
165 0.0008384090863910738
166 0.0018834078767990192
167 0.002300532429948424
168 0.0025371543374374896
169 0.005205525473025064
170 0.00035395099195502686
171 0.0016453047393494903
172 0.025697943993352377
173 0.0005423006318800254
174 0.00037315140776558313
175 0.0012362748862687935
176 0.0011287292747514872
177 0.006534420931859531
178 0.0018763677965927556
179 0.000864371311294095
180 0.0007029679276888324
181 0.000859746297007747
182 0.0012836861809708187
183 0.00034845538343822384
184 0.0005114960471872844
185 0.0019648523576482712
186 0.0008176011673736431
187 0.007102522576188046
188 0.0010596764371841962
189 0.001766127404282391
190 0.04448943695566107
191 0.026384293665241657
192 0.0018740118892108266
193 0.003748095491322054
194 8.275999072157765e-05
195 0.015569467931281736
196 0.00023532697335980257
197 0.0009469414754769799
198 0.003446467367394887
199 0.004473657285615929
200 0.0024271514480575422
201 0.0022882216368667074
202 0.005047746651562223
203 0.003043445084422316
204 0.01157067508414729
205 0.0058298203077528825
206 0.0013811269413720882
207 0.011196137461915973
208 0.000843794465818558
209 0.003042361195645991
210 0.0013937472828403443
211 0.0007729714566463539
212 0.00053052677370239
213 0.005852501143910872
214 0.002582579442190872
215 0.0009450466179770485
216 0.0017745955061803738
217 0.00045293116073900436
218 0.005650901377818874
219 0.002464474266388877
220 0.0004586560820763043
221 0.00018362598430163665
222 2.1454145753367578e-05
223 3.540282273049488e-05
224 0.0019598420719180013
225 0.003032150619353669
226 0.005278732586457591
227 0.00030097464448404065
228 0.0006584865786257115
229 0.00023355703736711406
230 9.994194574033155e-05
231 0.0006366047412652038
232 0.0010791941674675705
233 0.0018058930200732053
234 0.0001987653534932651
235 0.00014389558015683496
236 0.00031384698843992914
237 4.986519911290092e-05
238 0.0007482608038001511
239 0.0004516143049483913
240 0.0007933992061300552
241 0.001231218843843767
242 0.0
243 0.0
244 0.00048645101047367883
245 0.004306165657743313
246 0.0013345394863053272
247 0.0003364128702946777
248 0.0003317999332898925
249 0.00010379298527111201
250 4.1961812448275783e-05
251 0.0
252 0.0005194298183860499
253 0.0016739246021723543
254 0.000280599369312536
255 0.00043158682450924573
256 0.0006707602713296341
257 0.0005316424557992951
258 9.66814519023869e-05
259 0.00022589609831979255
260 0.0
261 0.0001104341950820496
262 0.00012791463376251908
263 0.00020506799225748575
264 0.00016492951784084263
265 0.0002508238630559964
266 0.00017517606476764205
267 0.00033758416228576126
268 0.0002481751169057299
269 0.00041570500019087774
270 2.8630325240494733e-06
271 0.00033416337333512514
272 1.2815478917173832e-05
273 0.000313498748770615
274 3.272037170342255e-06
275 0.00047123089983975566
276 0.0008010729133770276
277 0.0006003334083265434
278 0.00014050672948978034
279 2.5099251794167047e-05
280 5.7260650480989465e-06
281 0.0
282 4.4753513526917194e-05
283 0.00038323536063250004
284 0.0027873161979715543
285 0.0
286 0.0
287 0.0
288 0.0
289 0.0
290 0.0
291 0.0
292 0.0
293 0.0
294 0.0
295 0.0
296 0.0
