0 0.40272108843537413
1 0.44245142002989535
2 0.5165794066317626
3 0.5008460236886633
4 0.5008460236886633
5 0.4105409153952843
6 0.43851851851851853
7 0.43085880640465796
8 0.43529411764705883
9 0.4111111111111111
10 0.38441558441558443
11 0.4094052558782849
12 0.5220458553791887
13 0.4378698224852071
14 0.4525993883792049
15 0.39946018893387314
16 0.4333821376281113
17 0.4186704384724187
18 0.40054127198917455
19 0.37468354430379747
20 0.4296081277213353
21 0.4289855072463768
22 0.3829236739974127
23 0.44780635400907715
24 0.4228571428571429
25 0.37468354430379747
26 0.39946018893387314
27 0.40715268225584594
28 0.34022988505747126
29 0.42165242165242167
30 0.3681592039800995
31 0.4065934065934066
32 0.36724565756823824
33 0.3780332056194125
34 0.4457831325301205
35 0.4471299093655589
36 0.4314868804664723
37 0.3623011015911873
38 0.4054794520547945
39 0.3723270440251572
40 0.4134078212290503
41 0.434654919236417
42 0.4398216939078752
43 0.44780635400907715
44 0.597979797979798
45 0.4169014084507042
46 0.4471299093655589
47 0.45962732919254656
48 0.4736
49 0.4192634560906516
50 0.44511278195488724
51 0.40437158469945356
52 0.41514726507713884
53 0.4049247606019152
54 0.35449101796407184
55 0.3649815043156597
56 0.4099722991689751
57 0.36009732360097324
58 0.40827586206896554
59 0.4234620886981402
60 0.42528735632183906
61 0.41283124128312415
62 0.3894736842105263
63 0.44245142002989535
64 0.43722304283604135
65 0.40827586206896554
66 0.37
67 0.4391691394658754
68 0.3681592039800995
69 0.3910171730515192
70 0.36770186335403726
71 0.41168289290681503
72 0.4333821376281113
73 0.46909667194928684
74 0.4668769716088328
75 0.4582043343653251
76 0.38095238095238093
77 0.4574961360123648
78 0.38242894056847543
79 0.3713927227101631
80 0.31092436974789917
81 0.3344632768361582
82 0.38491547464239273
83 0.38642297650130547
84 0.4983164983164983
85 0.4728434504792332
86 0.5085910652920962
87 0.47896440129449835
88 0.357487922705314
89 0.46467817896389324
90 0.4457831325301205
91 0.41748942172073344
92 0.37851662404092073
93 0.4884488448844885
94 0.35449101796407184
95 0.434654919236417
96 0.4222539229671897
97 0.42105263157894735
98 0.45468509984639016
99 0.4094052558782849
100 0.3690773067331671
101 0.43593519882179677
102 0.4391691394658754
103 0.4157303370786517
104 0.4417910447761194
105 0.4
106 0.4157303370786517
107 0.3761118170266836
108 0.4431137724550898
109 0.4327485380116959
110 0.3951935914552737
111 0.4560862865947612
112 0.43722304283604135
113 0.38242894056847543
114 0.4560862865947612
115 0.35406698564593303
116 0.43023255813953487
117 0.47208931419457734
118 0.4758842443729904
119 0.46105919003115264
120 0.40272108843537413
121 0.42528735632183906
122 0.36319018404907977
123 0.4186704384724187
124 0.347010550996483
125 0.47974068071312803
126 0.29191321499013806
127 0.3654320987654321
128 0.2924901185770751
129 0.4198581560283688
130 0.5008460236886633
131 0.41283124128312415
132 0.4925124792013311
133 0.4484848484848485
134 0.33983926521239954
135 0.36009732360097324
136 0.33598183881952326
137 0.48925619834710743
138 0.3915343915343915
139 0.3453908984830805
140 0.32599118942731276
141 0.37
142 0.49087893864013266
143 0.3165775401069519
144 0.2980866062437059
145 0.4157303370786517
146 0.34619883040935673
147 0.3340857787810384
148 0.4049247606019152
149 0.4157303370786517
150 0.3910171730515192
151 0.46540880503144655
152 0.4471299093655589
153 0.43529411764705883
154 0.44916540212443096
155 0.4553846153846154
156 0.4464555052790347
157 0.4582043343653251
158 0.44377811094452774
159 0.4525993883792049
160 0.4574961360123648
161 0.4484848484848485
162 0.44916540212443096
163 0.45962732919254656
164 0.43529411764705883
165 0.4296081277213353
166 0.4471299093655589
167 0.4398216939078752
168 0.45891472868217054
169 0.44984802431610943
170 0.40054127198917455
171 0.41748942172073344
172 0.47665056360708535
173 0.4186704384724187
174 0.40272108843537413
175 0.4431137724550898
176 0.44113263785394935
177 0.45190839694656487
178 0.4525993883792049
179 0.45121951219512196
180 0.4553846153846154
181 0.4391691394658754
182 0.45891472868217054
183 0.4277456647398844
184 0.38794233289646135
185 0.41748942172073344
186 0.40827586206896554
187 0.47435897435897434
188 0.42105263157894735
189 0.4505327245053272
190 0.4157303370786517
191 0.48366013071895425
192 0.4378698224852071
193 0.434654919236417
194 0.3930942895086321
195 0.4983164983164983
196 0.42712842712842713
197 0.4327485380116959
198 0.4234620886981402
199 0.45468509984639016
200 0.42406876790830944
201 0.42528735632183906
202 0.4574961360123648
203 0.44511278195488724
204 0.4852459016393443
205 0.4283646888567294
206 0.4065934065934066
207 0.4813008130081301
208 0.3329583802024747
209 0.4505327245053272
210 0.44377811094452774
211 0.3978494623655914
212 0.39731543624161075
213 0.43593519882179677
214 0.4484848484848485
215 0.40054127198917455
216 0.41456582633053224
217 0.37900128040973113
218 0.4228571428571429
219 0.43085880640465796
220 0.3941411451398136
221 0.4105409153952843
222 0.3329583802024747
223 0.33035714285714285
224 0.4391691394658754
225 0.42406876790830944
226 0.44377811094452774
227 0.40217391304347827
228 0.39050131926121373
229 0.357487922705314
230 0.39361702127659576
231 0.4094052558782849
232 0.4296081277213353
233 0.42045454545454547
234 0.39466666666666667
235 0.354916067146283
236 0.36009732360097324
237 0.3920529801324503
238 0.4234620886981402
239 0.4032697547683924
240 0.37326607818411095
241 0.4157303370786517
242 0.2939424031777557
243 0.2939424031777557
244 0.4283646888567294
245 0.4314868804664723
246 0.3962516733601071
247 0.38095238095238093
248 0.38193548387096776
249 0.3910171730515192
250 0.4094052558782849
251 0.37515842839036756
252 0.3523809523809524
253 0.42528735632183906
254 0.42165242165242167
255 0.39050131926121373
256 0.39466666666666667
257 0.3930942895086321
258 0.3854166666666667
259 0.37092731829573933
260 0.3263506063947078
261 0.40054127198917455
262 0.4088397790055249
263 0.4094052558782849
264 0.4088397790055249
265 0.4094052558782849
266 0.4088397790055249
267 0.4094052558782849
268 0.3920529801324503
269 0.3951935914552737
270 0.38491547464239273
271 0.3941411451398136
272 0.3854166666666667
273 0.39050131926121373
274 0.3761118170266836
275 0.39572192513368987
276 0.3967828418230563
277 0.3925729442970822
278 0.3780332056194125
279 0.37997432605905007
280 0.3756345177664975
281 0.37515842839036756
282 0.4
283 0.4134078212290503
284 0.42045454545454547
285 0.37468354430379747
286 0.37468354430379747
287 0.37468354430379747
288 0.37468354430379747
289 0.37468354430379747
290 0.37468354430379747
291 0.37468354430379747
292 0.37468354430379747
293 0.37468354430379747
294 0.37468354430379747
295 0.2939424031777557
296 0.2939424031777557
