0 0.230634484274 0.459218665287
1 0.455157144854 0.845864907828
2 0.0465105564089 0.289274132701
3 0.603634249508 0.210311133428
4 0.948185417218 0.280043015736
5 0.837247422197 0.860321651256
6 0.781581085969 0.902571339621
7 0.307623950504 0.828952591651
8 0.463428490465 0.41130893995
9 0.748813485232 0.928266387756
10 0.112262989693 0.391196713938
11 0.918611193935 0.192568757838
12 0.0 0.432145004232
13 0.703765906102 0.946419225582
14 0.323780333135 0.205209733647
15 0.5529323084 0.325141234534
16 0.177531396856 0.216362572199
17 0.685035719372 0.875787115959
18 0.50807484514 0.198544068453
19 0.277265921918 0.929885969113
20 0.270617482323 0.386958375883
21 0.477460386987 0.0804283622227
22 0.91519491415 0.741382276004
23 0.781396038478 0.335103242804
24 0.583131194666 0.11951020851
25 0.440969653949 0.981986201063
26 0.357487241397 0.972908751298
27 0.480436513726 0.990223546608
28 0.263282463251 0.656220070844
29 0.42903296669 0.152569633591
30 0.121115891233 0.77679779132
31 0.974010010885 0.673898907953
32 0.882363215201 0.818874094395
33 0.241376835432 0.202837913624
34 0.333228773161 0.0270851140522
35 0.681014425121 0.00959333027046
36 0.533613815312 0.514008538962
37 0.376892565712 0.230370469367
38 0.106537009248 0.220539733998
39 0.740066461757 0.672917538177
40 0.341151587088 0.449491011315
41 0.619805864827 0.981343904262
42 0.0771895361306 0.517168219003
43 0.293164487835 0.0727910972541
44 0.156379889749 0.132672302083
45 0.572239370812 0.253464508263
46 0.569378950109 0.0331793851644
47 0.0979710067753 0.603017819801
48 0.961219798979 0.717166791387
49 0.520598311854 0.0
50 0.353730813826 0.309029525936
51 0.689851922573 0.185144272471
52 0.199319146422 0.283226021483
53 0.121857303964 0.151555264449
54 0.541127404852 0.944786854459
55 0.824735472869 0.139640652148
56 0.906189678483 0.783284072645
57 0.76469785757 0.86319513637
58 0.0104873383841 0.373058736628
59 0.665736096107 0.379614216389
60 1.0 0.578052930597
61 0.191785877978 0.0881812259364
