0 0.01908259621374376
1 0.21332443553281097
2 0.00907281243346817
3 0.0023737965131407756
4 0.0
5 0.004380300179480508
6 0.029372536747686685
7 0.11823861926938342
8 0.02236573759840924
9 0.02089438036159347
10 0.016092020911693046
11 0.0
12 0.0
13 0.05284632843869151
14 0.06197200484885411
15 0.03329222098223321
16 0.0033047098620869113
17 0.11430016291546971
18 0.014854899716954898
19 0.013314394166853183
20 0.10264573972090968
21 0.012700653930162125
22 0.0
23 0.04218278563875618
24 0.007383043489600868
25 0.0016441148408361523
26 0.00436247723132969
27 0.029236860493157983
28 0.06675695466395656
29 0.06552928249649563
30 0.03305046077177225
31 0.0
32 0.03278688524590164
33 0.057166440117259784
34 0.032694759702956426
35 0.0
36 0.24823719602893804
37 0.13856978865859435
38 0.04535223883584539
39 0.070516778539934
40 0.1431495183426175
41 0.023251600670186175
42 0.029157951944837193
43 0.06283060442896508
44 0.012037805849281259
45 0.04067044059647018
46 0.0030084669428931724
47 0.0232014761195089
48 0.0
49 0.0009289617486338798
50 0.03341103492742837
51 0.08467725475022556
52 0.0192343448900826
53 0.0011930783242258653
54 0.0991216467635194
55 0.0008774695250105086
56 0.0001366120218579235
57 0.08420468343495603
58 0.0
59 0.020332774690384588
60 0.0
61 0.014194982613015395
