0 0.3465909090909091
1 0.3719512195121951
2 0.2824074074074074
3 0.30808080808080807
4 0.24897959183673468
5 0.23828125
6 0.2675438596491228
7 0.3652694610778443
8 0.3630952380952381
9 0.25206611570247933
10 0.3128205128205128
11 0.24897959183673468
12 0.2687224669603524
13 0.27111111111111114
14 0.3765432098765432
15 0.3388888888888889
16 0.32972972972972975
17 0.3096446700507614
18 0.3370165745856354
19 0.3160621761658031
20 0.391025641025641
21 0.3333333333333333
22 0.23735408560311283
23 0.3333333333333333
24 0.3128205128205128
25 0.25523012552301255
26 0.2772727272727273
27 0.3160621761658031
28 0.3652694610778443
29 0.32275132275132273
30 0.32275132275132273
31 0.23735408560311283
32 0.21631205673758866
33 0.3652694610778443
34 0.3160621761658031
35 0.24497991967871485
36 0.4178082191780822
37 0.39869281045751637
38 0.32972972972972975
39 0.33516483516483514
40 0.40397350993377484
41 0.2975609756097561
42 0.32972972972972975
43 0.3370165745856354
44 0.3112244897959184
45 0.3465909090909091
46 0.25630252100840334
47 0.3388888888888889
48 0.23282442748091603
49 0.24696356275303644
50 0.3505747126436782
51 0.32972972972972975
52 0.34269662921348315
53 0.25957446808510637
54 0.324468085106383
55 0.27111111111111114
56 0.21328671328671328
57 0.30198019801980197
58 0.24897959183673468
59 0.34269662921348315
60 0.1783625730994152
61 0.30198019801980197
