1 0.179873875183 0.570585004902
2 0.26499444131 0.135872386996
3 0.833389267174 0.555186547599
4 0.755914106038 0.417717093971
5 0.574853669229 0.406965774104
6 0.7501638139 0.928728517347
7 0.30943147909 0.420074472593
8 0.359414344895 0.59949349198
9 0.448427411745 0.648760805649
10 0.257857868856 0.356632588931
11 0.361875586915 0.528797464212
12 0.32566015836 0.336090314834
13 0.729726658691 0.479712011783
14 0.323785088184 0.30664389236
15 0.0849477492169 0.718906035342
16 0.119850986121 0.714817801316
17 0.440001196434 0.843995846836
18 0.450747095438 0.414743104331
19 0.365395279754 0.342211231483
20 0.398151564068 0.552929445382
21 0.772640232696 0.152645370793
22 0.234433395531 0.501599186851
23 0.422601533719 0.705706781695
24 0.21187749637 0.596050825457
25 0.752417208966 0.623301915017
26 0.662926951745 0.419115195699
27 0.709678222985 0.511182813311
28 0.688987479748 0.413603928852
29 0.623553074516 0.415699233088
30 0.0 0.145325227476
31 0.240876647678 0.433649855956
32 0.332763328826 0.63546994215
33 0.280240516347 0.696862675184
34 0.174673058617 0.245035108881
35 0.227316615264 0.616313692301
36 0.246307200128 0.396614418574
37 0.836699696607 0.507993627459
38 0.350929662608 0.737246058057
39 0.607500774662 0.713592924625
40 0.296260417848 0.683301822111
41 0.596877179803 0.255001086677
42 0.134494075785 0.544643519301
43 0.353491945388 0.564406641658
44 0.247574963589 0.658552986896
45 0.569803512968 0.248306266117
46 0.190759513762 0.561151719339
47 0.9027648347 0.505710659066
48 0.0700120840167 0.690725035284
49 0.397594090711 0.404853807368
50 0.271473474234 0.543920396914
51 0.62562827624 0.552818399894
52 0.307533228748 0.261401943859
53 0.345720700731 0.405840443798
54 0.372240919989 0.380102905341
55 0.249482561444 0.377949148074
56 0.275760076796 0.416280158936
57 0.357425136882 0.375486208428
58 0.272754732478 0.680609930873
59 0.456567973837 0.626028065592
60 0.309478568519 0.509419624402
61 0.287853820299 0.40536697521
62 0.301167224039 0.694713173641
63 0.255309724425 0.679591657433
64 0.266690541389 0.658653148119
65 0.288062963869 0.652233095903
66 0.304225002364 0.65187628789
67 0.273273414076 0.453483276103
68 0.168539470636 0.624271502363
69 0.392275496748 0.438291523924
70 0.381895609006 0.425532594609
71 0.348640592498 0.482108554128
72 0.163318333364 0.367042212465
73 0.549369435701 0.444267566058
74 0.184197084958 0.465445378461
75 0.629495274205 0.483621124452
76 0.614376660232 0.510294577987
77 0.623879636862 0.352371528656
78 0.274095628454 0.612430023619
79 0.569354440985 0.489291591175
80 0.407634130013 0.677298095512
81 0.228507835235 0.525217136755
82 0.487247148517 0.669855487197
83 0.318152373153 0.465701747386
84 0.217728116135 0.457534036555
85 0.718886868121 0.409303616388
86 0.607791251645 0.39247024124
87 0.297924250483 0.340539448638
88 0.480519239888 0.425303183877
89 0.430643738399 0.427493527912
90 0.593934040603 0.414020034475
91 0.240443306221 0.717829618448
92 0.859923261963 0.583236553307
93 0.374289556984 0.476560385684
94 0.409716617567 0.476861370079
95 0.334377505338 0.533167537384
96 0.530698870431 0.399802776137
97 0.618300493771 0.325649360297
98 0.278718458731 0.58237420061
99 0.321890430926 0.582027414704
100 0.293626083603 0.591722373056
101 0.264485271721 0.581793213243
102 0.739735076289 0.381527609805
103 0.206335262148 0.473593736954
104 0.133613043088 0.616041438237
105 0.258758680167 0.604173554198
106 0.238735863259 0.599364039944
107 0.232517845613 0.668861056578
108 0.29188928445 0.552748868717
109 0.30687873626 0.609797408326
110 0.343707732495 0.600543903572
111 0.376200354859 0.521598282955
112 0.273845329065 0.350050158189
113 0.248274240212 0.316793406383
114 0.320464227555 0.403592353005
115 0.804958268819 0.656036648742
116 0.419452074039 0.684178454566
117 0.497433354127 0.619713704652
118 0.416115032703 0.52039678444
119 0.260420643541 0.825586510044
120 0.179206069263 1.0
121 0.429636868106 0.520639087427
122 0.366586144747 0.583050213342
123 0.251470155578 0.617792561321
124 0.68608419181 0.329612183694
125 0.425942692832 0.453837080237
126 0.637860244985 0.521343588429
127 0.331508945138 0.37798363695
128 0.619961124394 0.435717716233
129 0.281217805847 0.371290084443
130 0.380368297478 0.348029562534
131 0.305127399191 0.562188047008
132 0.313031993631 0.53767146006
133 0.852026955541 0.456020574892
134 0.196656262011 0.65282834171
135 0.300356404528 0.629589216147
136 0.436646060154 0.482099147534
137 0.436261275136 0.604725128205
138 0.657979229943 0.376527399059
139 0.368036526593 0.710055739187
140 0.639409650083 0.398156425967
141 0.338533278841 0.360935705033
142 0.4134421857 0.435127492679
143 0.481912489577 0.543132711324
144 0.644649806832 0.498715723106
145 0.853559953386 0.332234749394
146 0.396305622608 0.453710985068
147 0.627347482351 0.447417784822
148 0.863987983182 0.633604442549
149 0.562348703453 0.470533931738
150 0.322269206985 0.368874891927
151 0.356871932232 0.321055805912
152 0.795157126227 0.857062545806
153 0.613984429064 0.536879676152
154 0.231253556382 0.624832881527
155 0.716598956353 0.469605453525
156 0.725351344369 0.432231012202
157 0.845268642352 0.806130466551
158 0.340981101545 0.456316599972
159 0.103284756421 0.517556872477
160 0.830825162243 0.696315488313
161 0.304752091149 0.362457999029
162 0.384753252585 0.66701652659
163 0.691700545236 0.503587986723
164 0.30037823717 0.445114000529
165 0.254388900261 0.0
166 0.166157768643 0.597975019003
167 0.672712166254 0.450078965904
168 0.324398332862 0.567905531053
169 0.689345175392 0.374628590979
170 0.285776573512 0.495190275291
171 0.284869128187 0.521200238012
172 0.658402995123 0.462335136039
173 0.700750072901 0.393275846949
174 0.411110041404 0.509824237907
175 0.402624738596 0.367972194326
176 0.657153358637 0.360232098813
177 0.422975132483 0.387767583399
178 0.385743898235 0.47720798078
179 0.334450838666 0.659139529249
180 0.900186622058 0.61063634204
181 0.623437022855 0.695293052327
182 0.246065074461 0.536872052221
183 0.320409027467 0.49664856704
184 0.611152694907 0.361001772602
185 0.345842287742 0.26258918924
186 0.38174635137 0.279998213209
187 0.211059618825 0.680400961489
188 0.320694898295 0.729291905042
189 0.561487932737 0.534330938262
190 0.367512333644 0.441107674006
191 0.641162323603 0.418105764429
192 0.375349833154 0.407710844818
193 0.37869389865 0.45609941213
194 0.336818690164 0.44630318484
195 0.295723253952 0.429886271327
196 0.336244533051 0.417360510907
197 0.30240417582 0.464032462844
198 0.718465621602 0.357484668933
