1 0.0008513422227538622
2 0.0
3 0.0
4 0.000234921420663757
5 0.02723802969158409
6 0.0
7 0.009055242577285473
8 0.0005763956613445942
9 0.0029688681379886777
10 0.0008273713832375345
11 0.004817607721022666
12 0.0005416422597553545
13 0.004148971995121466
14 0.0022607576824484445
15 1.2725757960400039e-05
16 5.501034067282902e-05
17 5.524687573772908e-05
18 0.013851625853220226
19 0.0016123760944147228
20 0.0005017394062510944
21 0.0
22 0.0
23 0.0003288783460282136
24 0.0066288439995101705
25 0.0005571382919183419
26 0.002203383420505299
27 2.0826110747568187e-05
28 0.00092648936316921
29 0.001946255208867053
30 0.0
31 0.0005789388248558355
32 0.006005038768069011
33 0.0028028983693652973
34 0.010152284263959392
35 0.0022079518594218363
36 0.000699272348938435
37 0.0015922736383276572
38 0.0026273893452618633
39 0.0004183241561881427
40 0.0028028983693652973
41 0.0
42 0.0008563381619116213
43 0.0017035923974873582
44 0.0012169318089026362
45 0.0
46 0.0008049075549189742
47 0.00025813529580454215
48 1.2725757960400039e-05
49 0.008201689217460856
50 0.002517791571558141
51 0.0018728230174732802
52 9.274702923994354e-06
53 0.006255332129730137
54 0.011206014457715697
55 0.0003310888173032833
56 0.0009860814369083092
57 0.003809397084439836
58 0.0005262947066316096
59 0.0001926480606397329
60 0.05753891798612008
61 0.0023939965959192218
62 0.0019093114987448275
63 0.0003405179588997785
64 0.00031832624085177593
65 0.0011645728103829532
66 0.0013025794995765525
67 0.003984958856621173
68 7.235532170372999e-05
69 0.010083185904829282
70 0.025732384924001723
71 0.008281404255369914
72 3.3310006769746525e-05
73 0.01031853338446801
74 0.001435756058631026
75 0.0004928925239401197
76 0.0002912960332205096
77 0.002635299429570575
78 0.004031837519016956
79 0.0012905065998143343
80 0.0051937661610058465
81 0.013289336862047309
82 0.0
83 0.02758017663396512
84 0.0011295988128783873
85 0.00016028466832078712
86 0.008711298493728772
87 0.0010415760581201573
88 0.014179236592467791
89 0.0005919700809628334
90 0.01378733374741784
91 0.004881208142758191
92 6.112116366902781e-05
93 0.0004045150491192742
94 0.00031380241771204585
95 0.004313951504203766
96 0.028027245018694098
97 0.0007321459548357283
98 0.0034177056601804867
99 0.014079075573855243
100 0.004380981675579164
101 0.00479255959551755
102 9.981197453309638e-05
103 0.002018648490290283
104 0.0018039443649464698
105 0.012402325183745878
106 0.0023850363060828
107 0.0044260646872607895
108 0.009455168971331609
109 0.0015283819617075414
110 0.0057962894806967424
111 0.008833542365260799
112 0.0008597226887160092
113 0.0
114 0.0046870962287510415
115 0.028316907207527057
116 0.010054446908166963
117 0.0024396932757071504
118 0.009338368742625246
119 0.01015228426395939
120 0.0
121 0.007127439766485653
122 0.018312688240963142
123 0.002769789552153197
124 0.0001481428756853742
125 0.0019379659446330758
126 0.00033581962019962685
127 0.0010237534758825236
128 0.0062238966996352755
129 0.000682826607929717
130 0.0018566237335255894
131 0.008640471063891915
132 0.017638257970617542
133 0.0007302752734722031
134 0.001998913794239023
135 0.018555259541818817
136 0.15105615373941592
137 0.001781314824385857
138 0.005105901377126214
139 0.0011225763183227901
140 0.0029181960049767934
141 0.00040716417499994293
142 0.0029765031418601193
143 0.0006352314937369706
144 0.0006339239537982497
145 0.0
146 0.00039465590146677703
147 0.00516096106634117
148 0.0002549581592366219
149 0.04517867657801448
150 0.009363291926447484
151 0.0005591297561046531
152 0.004669330101037637
153 0.0682920696351982
154 0.0022079518594218363
155 0.013308917464187707
156 0.0008987983536646246
157 0.0056724224866488565
158 0.012984063972355667
159 0.0006870915225716011
160 0.0
161 0.0025891524001932253
162 0.00351710728817206
163 0.002350859091502214
164 0.009358892068401766
165 0.0
166 7.235532170372999e-05
167 0.03938115832854973
168 0.03960002124911097
169 0.0004022610943861667
170 0.005816535315875971
171 0.006242303054039883
172 0.014694721520763421
173 0.0004723820960820867
174 0.017665887370895268
175 0.000274900726451318
176 0.00188459349345294
177 0.0003688749525291246
178 0.015871994945148123
179 0.011374738880952584
180 0.0019049229460079203
181 0.0004183241561881427
182 0.0005728360900287576
183 0.006784798547637897
184 0.0008980818798077676
185 0.010237682997894787
186 0.0
187 0.0003963548794022926
188 0.0005186399784800825
189 0.02955084339740044
190 0.00039465590146677703
191 0.0013488557270022747
192 0.016540509366112545
193 0.00045592986210759104
194 0.011374628427755508
195 0.008458117429426731
196 0.005945840434360902
197 0.003308302461856105
198 0.00015515574830557243
