1 0.42919389978213507
2 0.3588342440801457
3 0.3724007561436673
4 0.3971774193548387
5 0.5090439276485789
6 0.2176795580110497
7 0.5281501340482574
8 0.4613583138173302
9 0.466824644549763
10 0.45813953488372094
11 0.4657210401891253
12 0.4602803738317757
13 0.4164904862579281
14 0.4746987951807229
15 0.36617100371747213
16 0.3675373134328358
17 0.4095634095634096
18 0.5197889182058048
19 0.4876237623762376
20 0.46352941176470586
21 0.3379073756432247
22 0.466824644549763
23 0.4467120181405896
24 0.48402948402948404
25 0.38104448742746616
26 0.4497716894977169
27 0.40122199592668023
28 0.4264069264069264
29 0.4735576923076923
30 0.2814285714285714
31 0.4497716894977169
32 0.4900497512437811
33 0.4528735632183908
34 0.39087301587301587
35 0.4613583138173302
36 0.4624413145539906
37 0.3738140417457306
38 0.4264069264069264
39 0.3963782696177062
40 0.4528735632183908
41 0.42094017094017094
42 0.44269662921348313
43 0.4876237623762376
44 0.4528735632183908
45 0.42094017094017094
46 0.4310722100656455
47 0.343804537521815
48 0.36617100371747213
49 0.5225464190981433
50 0.4679334916864608
51 0.45496535796766746
52 0.42919389978213507
53 0.523936170212766
54 0.5225464190981433
55 0.45813953488372094
56 0.47815533980582525
57 0.5103626943005182
58 0.44772727272727275
59 0.44874715261959
60 0.5898203592814372
61 0.47129186602870815
62 0.4457013574660634
63 0.4467120181405896
64 0.44874715261959
65 0.4852216748768473
66 0.48641975308641977
67 0.5051282051282051
68 0.42733188720173537
69 0.5324324324324324
70 0.5596590909090909
71 0.49622166246851385
72 0.41561181434599154
73 0.5103626943005182
74 0.42919389978213507
75 0.44269662921348313
76 0.44772727272727275
77 0.4613583138173302
78 0.48284313725490197
79 0.4592074592074592
80 0.4602803738317757
81 0.49873417721518987
82 0.42548596112311016
83 0.5580736543909348
84 0.46352941176470586
85 0.40286298568507156
86 0.5025510204081632
87 0.45080091533180777
88 0.5170603674540682
89 0.48166259168704156
90 0.4912718204488778
91 0.43680709534368073
92 0.3608058608058608
93 0.4746987951807229
94 0.4735576923076923
95 0.5038363171355499
96 0.5143603133159269
97 0.4457013574660634
98 0.5116883116883116
99 0.5367847411444142
100 0.5157068062827225
101 0.5157068062827225
102 0.38703339882121807
103 0.4457013574660634
104 0.4129979035639413
105 0.5143603133159269
106 0.45601851851851855
107 0.4539170506912442
108 0.5324324324324324
109 0.4624413145539906
110 0.5116883116883116
111 0.5130208333333334
112 0.4592074592074592
113 0.4087136929460581
114 0.5012722646310432
115 0.37595419847328243
116 0.4613583138173302
117 0.4528735632183908
118 0.523936170212766
119 0.36891385767790263
120 0.26986301369863014
121 0.5211640211640212
122 0.5487465181058496
123 0.45707656612529
124 0.39878542510121456
125 0.4912718204488778
126 0.4518348623853211
127 0.47815533980582525
128 0.5012722646310432
129 0.4679334916864608
130 0.4912718204488778
131 0.5253333333333333
132 0.5549295774647888
133 0.3511586452762923
134 0.4236559139784946
135 0.5130208333333334
136 0.6480263157894737
137 0.4912718204488778
138 0.4528735632183908
139 0.43392070484581496
140 0.48402948402948404
141 0.466824644549763
142 0.5038363171355499
143 0.4613583138173302
144 0.44874715261959
145 0.341421143847487
146 0.4746987951807229
147 0.49373433583959897
148 0.35431654676258995
149 0.5309973045822103
150 0.5184210526315789
151 0.466824644549763
152 0.2751396648044693
153 0.5225464190981433
154 0.4613583138173302
155 0.4264069264069264
156 0.4053497942386831
157 0.2774647887323944
158 0.5382513661202186
159 0.4121338912133891
160 0.3474426807760141
161 0.4912718204488778
162 0.47815533980582525
163 0.4457013574660634
164 0.5295698924731183
165 0.3035439137134052
166 0.42733188720173537
167 0.5116883116883116
168 0.5811209439528023
169 0.40702479338842973
170 0.5130208333333334
171 0.5077319587628866
172 0.49747474747474746
173 0.4078674948240166
174 0.5397260273972603
175 0.44469525959367945
176 0.43973214285714285
177 0.4592074592074592
178 0.5253333333333333
179 0.5
180 0.30974842767295596
181 0.3963782696177062
182 0.4758454106280193
183 0.5012722646310432
184 0.4528735632183908
185 0.434878587196468
186 0.4282608695652174
187 0.43201754385964913
188 0.45496535796766746
189 0.47815533980582525
190 0.4746987951807229
191 0.4724220623501199
192 0.5353260869565217
193 0.4758454106280193
194 0.5487465181058496
195 0.523936170212766
196 0.5253333333333333
197 0.5090439276485789
198 0.394
