0 0.873139277253 0.498335174195
1 0.991311840651 0.588524873156
2 0.819171519456 0.329436431546
3 0.784481471514 0.412130325315
4 0.922849938565 0.750754631262
5 0.950545444729 0.698476873956
6 0.999283767982 0.457893992824
7 0.972921361511 0.646418052266
8 0.964354876523 0.338628311192
9 0.991484987201 0.400101924224
10 0.132935137174 0.180937760202
11 0.450374194412 0.306720094841
12 0.33241251476 0.53227821079
13 0.225239816145 0.0721509227931
14 0.093655930811 0.246925607445
15 0.175751253902 0.126982090071
16 0.633838257193 0.762226321092
17 0.709725742918 0.861933566452
18 0.711777871568 0.916420954282
19 0.646451397766 0.940747555703
20 0.751856247116 0.870339838644
21 0.611048077268 0.922501120637
22 0.670335526653 0.903672861345
23 0.549765305535 0.644272814835
24 0.413282955729 0.354801743066
25 0.356582787002 0.378814077937
26 0.551138471404 0.428688297223
27 0.426157273093 0.405227160648
28 0.733159318597 0.352532530785
29 0.46206885446 0.197753346048
30 0.438035991038 0.868152121423
31 0.487506796434 0.61121262354
32 0.586361107372 0.0
33 0.306189433384 0.141806747027
34 0.437739954266 0.0370175188409
35 0.417704524455 0.00257341539492
36 0.46934857556 0.000258425766756
37 0.50679211398 0.0187411137075
38 0.375146631824 0.014948509144
39 0.282534723834 0.229228557905
40 0.563105375003 0.0617588762261
41 0.261240015298 0.489720887906
42 0.170139259398 0.302302448915
43 0.575015081608 0.315814974738
44 0.749972013359 0.143483436725
45 1.0 0.496729449211
46 0.000503623655646 0.424416503703
47 0.0 0.547031639681
48 0.230269590446 0.587691732059
49 0.635576052539 0.319798750019
50 0.671324514484 0.101413514708
51 0.584308025481 0.246405943532
52 0.325517342854 0.0397014315563
53 0.836081187041 0.148369303836
54 0.659361470352 0.446673526612
55 0.432760001868 0.534150211434
56 0.725288653238 0.304106538942
57 0.358844585894 0.737781692507
58 0.309140031468 0.621184468671
59 0.29093564554 0.733442552017
60 0.170244749183 0.752984015788
61 0.249620147387 0.7193101175
62 0.218101017557 0.685418232023
63 0.276152667809 0.776890105286
64 0.300510535897 0.661891568853
65 0.319464494202 0.774453998426
66 0.210776678095 0.781440589133
67 0.45761187944 0.981548980067
68 0.253427649753 0.357254862593
69 0.25089119276 0.404820992358
70 0.295920590333 0.424649781323
71 0.201021418278 0.396521184765
72 0.541033106971 0.207755231915
73 0.0322990318572 0.678182873323
74 0.0697228197453 0.749750324943
75 0.129506851428 0.436307221199
76 0.232636486022 0.828419496396
