0 0.17684210526315788
1 0.0
2 0.0
3 0.0
4 0.0
5 0.0
6 0.0
7 0.0
8 0.0
9 0.0
10 0.0
11 0.5699890527836184
12 0.0
13 0.0
14 0.0
15 0.0
16 0.04062934817733579
17 0.0
18 0.0
19 0.0
20 0.0
21 0.0
22 0.0
23 0.12964454098819425
24 0.02900241873046176
25 0.07490122123424225
26 0.023796253454148188
27 0.05433155966478436
28 0.026491228070175437
29 0.008040935672514621
30 0.0
31 0.008640295033483888
32 0.0
33 0.0
34 0.0
35 0.0
36 0.0
37 0.0
38 0.0
39 0.006925438596491228
40 0.0
41 0.011487550654163002
42 0.0
43 0.0
44 0.0
45 0.0
46 0.0
47 0.02631578947368421
48 0.16511250242584766
49 0.02021062158319776
50 0.00021720969089390142
51 0.047598927875243675
52 0.0003508771929824561
53 0.0
54 0.0
55 0.132032488621946
56 0.0
57 0.027661236424394314
58 0.0425533568221771
59 0.0012501455659350393
60 0.0
61 0.0012501455659350393
62 0.00526702988198833
63 0.0021854883087570067
64 0.03075365017995782
65 0.0021854883087570067
66 0.00015037593984962405
67 0.0
68 0.004960383978389519
69 0.004960383978389519
70 0.00486180419559921
71 0.0038738298738298736
72 0.0
73 0.0
74 0.0
75 0.00043859649122807013
76 0.0
