0 0.4293785310734463
1 0.30158730158730157
2 0.41304347826086957
3 0.41304347826086957
4 0.30158730158730157
5 0.30158730158730157
6 0.30158730158730157
7 0.30158730158730157
8 0.30158730158730157
9 0.30158730158730157
10 0.39378238341968913
11 0.6440677966101694
12 0.41304347826086957
13 0.39378238341968913
14 0.39378238341968913
15 0.39378238341968913
16 0.3917525773195876
17 0.34080717488789236
18 0.34080717488789236
19 0.34080717488789236
20 0.34080717488789236
21 0.34080717488789236
22 0.34080717488789236
23 0.46060606060606063
24 0.46060606060606063
25 0.5170068027210885
26 0.4779874213836478
27 0.5170068027210885
28 0.4021164021164021
29 0.42696629213483145
30 0.3179916317991632
31 0.4175824175824176
32 0.39378238341968913
33 0.3958333333333333
34 0.40425531914893614
35 0.40425531914893614
36 0.40425531914893614
37 0.40425531914893614
38 0.40425531914893614
39 0.37254901960784315
40 0.34234234234234234
41 0.3958333333333333
42 0.35185185185185186
43 0.4021164021164021
44 0.39790575916230364
45 0.2878787878787879
46 0.25675675675675674
47 0.3438914027149321
48 0.5135135135135135
49 0.4418604651162791
50 0.33480176211453744
51 0.4418604651162791
52 0.3153526970954357
53 0.3076923076923077
54 0.36538461538461536
55 0.5314685314685315
56 0.35185185185185186
57 0.3958333333333333
58 0.4810126582278481
59 0.3917525773195876
60 0.3568075117370892
61 0.3917525773195876
62 0.4
63 0.39378238341968913
64 0.475
65 0.39378238341968913
66 0.3584905660377358
67 0.2846441947565543
68 0.4634146341463415
69 0.4634146341463415
70 0.4523809523809524
71 0.4578313253012048
72 0.4021164021164021
73 0.34234234234234234
74 0.34234234234234234
75 0.38
76 0.35348837209302325
