1024 0.975870740503 0.57884678409
1025 0.983181565963 0.552081882707
1026 0.204865848641 0.110936493169
1027 0.324984217511 0.0439816978119
1030 0.848848880292 0.753041764524
343 0.252659730913 0.113731546452
1039 0.450890543093 0.0584600941471
1040 0.427476021004 0.0711169287217
1041 0.0947248158384 0.311186154143
30 0.553042718849 0.28497029612
31 0.53834017417 0.114697347444
32 0.491754559314 0.142498428716
33 0.873817550153 0.337826131598
34 0.828395634859 0.365526415231
44 0.456401887791 0.663831860659
45 0.448998590181 0.81772648394
46 0.456045630788 0.469702928344
47 0.0225441552669 0.643971585264
48 0.0577205343836 0.516129923777
49 0.0325246205 0.668798414911
50 0.0152686250809 0.618001008836
51 0.770295685673 0.26430340698
52 0.875495740516 0.370928324907
53 0.90758331933 0.475484281708
54 0.85250343456 0.323982591725
55 0.609791570583 0.245482563956
56 0.611339498957 0.267265069391
57 0.687810233162 0.0908229866613
58 0.716686427611 0.0823111519199
1083 0.723743492794 0.934703581812
1086 0.268053606481 0.841641289505
1087 0.229206814439 0.794069304512
1088 0.185301068481 0.761259956727
1089 0.28807628786 0.831107755471
1091 0.956685085906 0.34904199878
1092 0.955902349879 0.318181750766
69 0.703926304009 0.900977444818
70 0.664847644149 0.953126259556
71 0.556020523827 0.895077969014
72 0.648886113596 0.897391046201
77 0.76938033554 0.0994282272848
78 0.694305981988 0.287618386861
79 0.787475258633 0.101688561415
80 0.762897227579 0.0847867048549
90 0.600441560332 0.0871845242822
94 0.53223698262 0.931363224035
95 0.584869221031 0.984893409805
96 0.547857366489 0.94452228796
97 0.638226062286 0.952115257033
98 0.555671866641 0.98796284409
1123 0.730924035331 0.439497027617
100 0.606074056026 0.980534251872
1130 0.842153369242 0.338275627287
1135 0.535350027236 0.00199687114027
1136 0.574050494373 0.0081793992526
1137 0.54774779598 0.00593284194532
1138 0.516680756773 0.0
1214 0.0458825638968 0.364973776465
120 0.82858008544 0.772409398469
121 0.781414035871 0.634016415882
1215 0.0632278120644 0.347579140773
126 0.205853407253 0.897390084562
127 0.237201857353 0.891969949963
128 0.264308733942 0.931809599802
192 0.467671079929 0.401341821322
131 0.637470889268 0.36975409421
132 0.928535263815 0.368161440084
133 0.92661047053 0.411879954623
134 0.903380741775 0.410514998426
1217 0.0457746675804 0.329313065665
136 0.0197396370008 0.493017064454
1162 0.434498416109 0.98970579241
1163 0.484851464126 0.996441904007
1172 0.717404639382 0.107062246582
149 0.401625444002 0.886589658687
150 0.455023912134 0.797433363064
151 0.290920521423 0.758790090496
152 0.31635938525 0.934085316626
1177 0.4874745939 0.9571960103
1178 0.642940634057 0.802171325709
1180 0.381242181209 0.0121644059766
157 0.567416799604 0.991198194318
158 0.642071973073 0.975940358686
162 0.252366067197 0.650829775007
163 0.305278067944 0.765520315157
1189 0.066951108507 0.252842096076
1190 0.864102849952 0.260294179445
1191 0.879409438335 0.264063608674
1195 0.744215160378 0.079194781764
1196 0.727848544695 0.0786022201388
1197 0.744297528545 0.10359633388
1395 0.306580046849 0.0589763372265
184 0.562765653402 0.521375688254
185 0.544550277009 0.700415860715
186 0.488252030764 0.834360692282
190 0.970748794475 0.333087144444
191 0.465024261231 0.317778385886
1216 0.0551581810586 0.312919466072
193 0.432894290113 0.391163248606
194 0.511025661467 0.127949944401
1221 0.346414245245 0.922419998762
203 0.347307516129 0.420745653062
1228 0.945855061323 0.290549528769
1229 0.951129052642 0.307966017791
1239 0.252122964273 0.085106213984
216 0.158450292437 0.409938369718
217 0.0498158086539 0.413878692078
218 0.138548533795 0.346502974487
219 0.317330320469 0.190384822264
220 0.236092028046 0.285051214242
221 0.250361192208 0.225830112967
222 0.385425879594 0.293565070756
223 0.0181584374829 0.454693281198
224 0.167385216692 0.268941472525
225 0.390106650591 0.845858512211
1255 0.851472592751 0.686877603765
233 0.932800305556 0.747343118564
234 0.911575632745 0.786860722057
235 0.819122379887 0.856218950455
1263 0.995197428246 0.529440761074
251 0.0507952266365 0.385780346454
252 0.0662869638394 0.432123444724
1282 0.31188836112 0.0474930098342
1283 0.261236346125 0.071747463787
262 0.0509459922102 0.67328382079
263 0.0412432983485 0.650994920977
264 0.0444172686403 0.634715692177
265 0.104954747702 0.563473785904
266 0.122509837118 0.579669707181
267 0.0595150365248 0.651498839956
268 0.10968656946 0.575914655099
269 0.0649841425551 0.674612155874
1295 0.987249174389 0.420811711904
276 0.0072932790752 0.417695805035
277 0.0200051506409 0.37822802166
278 0.0220806155311 0.36586895655
279 0.94566687976 0.72072553524
280 0.9337616012 0.747332769213
281 0.801752742078 0.704025822029
282 0.897686440138 0.786786912919
283 0.914142445003 0.771701890702
284 0.939039939224 0.731164557634
285 0.922731472351 0.764175958121
589 0.353909875654 0.0204228378557
1312 0.882335121064 0.821320815183
1313 0.860977644595 0.840870107828
1314 0.876351585623 0.830822811078
1315 0.917927404323 0.703482140644
1316 0.85351208373 0.852680234674
301 0.264012061803 0.557732868717
302 0.208610281658 0.37861936014
303 0.215388652468 0.280702262789
304 0.173640550306 0.462918864572
305 0.522602735329 0.266298632082
306 0.503546855745 0.295900758108
307 0.340329517639 0.380717455683
308 0.498157556558 0.197684329828
309 0.650134588706 0.185771710732
310 0.746292394985 0.920836503132
316 0.255201416779 0.544010366589
317 0.269855701398 0.485813405586
1342 0.6367398554 0.778743070521
1343 0.958830659923 0.70257634558
1344 0.964005699851 0.685168499521
1347 0.994466785181 0.587809406018
1348 0.996180046962 0.564958960869
326 0.126131536118 0.16653206734
327 0.201684849822 0.240301281713
328 0.114836614321 0.198261482407
329 0.204892194018 0.148753430758
330 0.124653352336 0.490922138025
331 0.147955956333 0.665145460114
1361 0.39044344023 0.585353177931
1362 0.36908005969 0.561980346874
1363 0.48450337685 0.566026690152
342 0.153668439998 0.157098967488
1081 0.904838635013 0.797139558348
344 0.156063094766 0.141840598342
345 0.0468492785887 0.477411317951
346 0.115609947268 0.531432312949
347 0.0411004183462 0.458254827263
1082 0.775806720417 0.907643698943
1384 0.483899678172 0.00823981750065
1385 0.499523138068 0.00700464221637
1389 0.215060044653 0.0976108175365
370 0.785560190483 0.20255845677
371 0.79974135551 0.328014376822
1396 0.295858405776 0.0563348213508
1397 0.281183102962 0.0715137568568
375 0.98648292026 0.444324793919
376 0.981793957434 0.464828037876
377 0.986113715086 0.489761251598
378 0.99540790723 0.513164247287
1404 0.0776850213552 0.244167311648
1405 0.0919751884642 0.22569142641
1406 0.0832771521524 0.233956696185
1407 0.0722992260258 0.261673397339
1408 0.0600963716977 0.272691477748
1413 0.453895629445 0.986210579479
1414 0.402998974537 0.980234427914
1415 0.423028458464 0.98745494953
1416 0.167472177848 0.127599484481
1417 0.178982736751 0.118174749126
401 0.0309669848576 0.341097148756
402 0.17351023264 0.298909940055
403 0.0300975414139 0.355890895007
404 0.0402757705329 0.315013697299
405 0.0376284897498 0.330575068856
416 0.127466492612 0.258642805004
417 0.0984594599733 0.21182126874
1451 0.922579413848 0.754262246306
428 0.295781691046 0.618574522083
429 0.0932777417355 0.739202599162
1460 0.266532598311 0.895330440148
1461 0.590365850492 0.160568854538
442 0.337263116584 0.968655510823
443 0.42401251341 0.953525667783
1468 0.97420556923 0.623038219902
1469 0.965568946587 0.634810859008
1470 0.980631704635 0.610200044546
450 0.827774483932 0.878891813498
1481 0.630494168114 0.979880241265
1482 0.658439283012 0.971290327692
460 0.0204777727787 0.597298706681
461 0.0142513195618 0.561912684424
462 0.0150687676035 0.579853852871
463 0.0935232059712 0.611455569774
464 0.91570197575 0.21607788851
465 0.891690481285 0.175127391949
466 0.87622946756 0.158165609907
472 0.912568986726 0.305992343287
473 0.724165533819 0.29881548164
474 0.889350902997 0.270285587152
485 0.900181006292 0.207955130386
685 0.584642401772 0.0289192209279
488 0.929225856539 0.252280714465
489 0.939953457488 0.271882284765
490 0.661537968703 0.109692577387
491 0.651694749586 0.0567287966849
492 0.609053510127 0.0347196919028
493 0.676322738011 0.0587245657312
499 0.161474189269 0.142540319702
500 0.239788715647 0.857739857921
501 0.105401706085 0.797985143577
502 0.116349924292 0.813662298325
503 0.127171745893 0.828262607541
1529 0.920723771373 0.238965919807
507 0.962650261475 0.306309429495
508 0.981630170256 0.370523543237
509 0.977765736019 0.350365681794
514 0.17006935534 0.786067014623
515 0.190743528858 0.799297196953
516 0.244163138792 0.70664423774
517 0.270392961116 0.823907239724
1452 0.0266762900853 0.414181371568
1549 0.477074611742 0.0440421643819
1550 0.920200623662 0.288287012576
1551 0.925533395112 0.267665674996
1556 0.136210622685 0.849056924549
1557 0.148575812101 0.858727801903
1558 0.166140847164 0.877566788479
1560 0.22547205129 0.0881228428365
1561 0.242614174197 0.0809759809737
546 0.275308298043 0.0510267136742
547 0.387355219938 0.154936163391
548 0.780379186505 0.805772495976
549 0.779381277735 0.774231198406
550 0.807392529094 0.782488221479
561 0.913583088946 0.387770269615
562 0.929580372752 0.394349827974
574 0.88602546041 0.812695721562
575 0.85985944602 0.835630333892
576 0.894765000264 0.805740097924
1121 0.778352753894 0.141178830678
585 0.00253332343571 0.544067077681
586 0.00452329222953 0.528471306278
587 0.00330505410207 0.494175640828
1122 0.776332184173 0.118879594389
590 0.347768595616 0.113361335441
591 0.368043949446 0.0182550188211
592 0.337455038326 0.0253418671062
595 0.00770987780145 0.433855986116
596 0.273111717437 0.337772598111
609 0.462551013298 0.995499465457
610 0.443972150456 0.995234404836
611 0.409923730662 0.989468351842
612 0.473623776464 0.986457045162
638 0.180374127133 0.632481551019
639 0.209527979596 0.619660366997
640 0.140398206225 0.706911623202
641 0.801635331875 0.135414576982
646 0.817774687749 0.133122516553
652 0.838484448385 0.224311948593
653 0.833622177699 0.163877837911
654 0.788313865718 0.248306533021
655 0.825870343339 0.212700909451
656 0.853372882198 0.17537379486
657 0.83791502952 0.293380695804
674 0.217762209502 0.811021047163
675 0.31883842463 0.957102830528
676 0.238636726143 0.922604479135
113 0.365355558593 0.978094344799
114 0.38676067301 0.981844591404
692 0.134184244796 0.182689541819
693 0.423993489896 0.00643978693229
694 0.437337602755 0.00494087253721
695 0.521747446935 0.0134278806259
696 0.46323091153 0.00172642085946
697 0.36667542887 0.0500536623951
698 0.449911742837 0.00208974683708
700 0.577121806021 0.993375778431
701 0.541598303876 0.998171500877
702 0.517593247948 0.998771682561
708 0.596337594134 0.984473390234
709 0.682893388712 0.939825646208
710 0.733323021019 0.929677988447
715 0.65390417647 0.0269162023549
716 0.638989065989 0.0225263383809
717 0.611823228744 0.014758448289
718 0.625085814296 0.0205191502321
1145 0.279407304162 0.0967375311629
729 0.0 0.512305040658
736 0.69683058523 0.951835953111
737 0.679051447578 0.961089808915
738 0.530814086868 0.988681150081
739 0.350640957182 0.97703580184
756 0.790201327849 0.547775686587
757 0.745557659352 0.789009118285
758 0.730012580691 0.788672636699
759 0.760563602718 0.41274966292
760 0.909045045668 0.508478336021
761 0.852997072237 0.534171292008
762 0.883675022297 0.507174464689
763 0.861037390515 0.493100396185
764 0.847866219362 0.629139942357
765 0.834833889778 0.618035027082
770 0.165048369267 0.865388079385
771 0.1923944616 0.88939852675
772 0.182429849158 0.87889693564
773 0.216219696198 0.906022283842
774 0.84834286153 0.430527129614
775 0.873453560132 0.570304454284
776 0.93215404163 0.551359761226
788 0.159063427573 0.573238062623
135 0.0131653312474 0.578554361804
839 0.93338050081 0.310760737924
840 0.771842615242 0.29527751345
853 0.803866214122 0.114450321887
863 0.850405243409 0.146483512018
864 0.836804474895 0.130088784554
865 0.898232768205 0.223678513428
866 0.945521363485 0.44266830688
867 0.952792489645 0.418279557227
1341 0.148321943734 0.785241715322
892 0.878190134479 0.613298906656
893 0.724723552334 0.20941216236
894 0.328219531247 0.251697891897
908 0.174321882755 0.500068978026
1394 0.284109591159 0.0562630450249
99 0.616510684538 0.977073616877
934 0.621034172425 0.146643924872
1181 0.395990951349 0.0115649660101
944 0.0239736596703 0.610347710463
945 0.0316820939694 0.624751710981
1182 0.111387523002 0.21367953947
955 0.592207690333 0.00596100030003
956 0.560596305637 0.00395721948544
963 0.183994514519 0.830511457425
964 0.204444945029 0.853914687429
977 0.760291390163 0.896270534613
983 1.0 0.468677839673
984 0.966151513877 0.374583163492
985 0.953682301074 0.340219962823
986 0.997933143935 0.456214656564
1005 0.738854899711 0.134879542575
1008 0.876670417616 0.203291753155
1021 0.276882668815 0.940457579054
1022 0.290981149594 0.945507478323
1023 0.252915274657 0.926176836557
