1024 0.16286083584661784
1025 0.16286083584661784
1026 0.16875
1027 0.14444019870080244
1030 0.17142857142857143
343 0.14120283899887934
1039 0.17205279927173417
1040 0.17205279927173417
1041 0.1582251988279615
30 0.21176470588235294
31 0.17491901897269782
32 0.17491901897269782
33 0.21331828442437922
34 0.22964763061968407
44 0.17838603114676735
45 0.17872340425531916
46 0.21637092157985116
47 0.13705583756345177
48 0.15862358371800253
49 0.13705583756345177
50 0.13705583756345177
51 0.18155619596541786
52 0.17889256980596308
53 0.19434447300771207
54 0.1969775924960917
55 0.16875
56 0.1686746987951807
57 0.15390879478827363
58 0.15384615384615385
1083 0.1758139534883721
1086 0.1777150916784203
1087 0.17788235294117646
1088 0.193945613134941
1089 0.1777150916784203
1091 0.1237315875613748
1092 0.1237315875613748
69 0.21307779030439683
70 0.18947368421052632
71 0.2141643059490085
72 0.21247892074198987
77 0.20454545454545456
78 0.25661914460285135
79 0.20454545454545456
80 0.20454545454545456
90 0.14444019870080244
94 0.20138518913159298
95 0.17516218721038
96 0.20203099946552647
97 0.18834080717488788
98 0.17516218721038
1123 0.2198952879581152
100 0.17516218721038
1130 0.18966382338183643
1135 0.15241935483870966
1136 0.1523579201934704
1137 0.1523579201934704
1138 0.1522965350523771
190 0.17614165890027958
120 0.17135086128739802
121 0.20667031164570804
191 0.17889256980596308
126 0.1598984771573604
127 0.1897590361445783
128 0.159830866807611
1216 0.15875682486350273
131 0.2223529411764706
132 0.19119878603945373
133 0.1910055583628095
134 0.1910055583628095
193 0.17813383600377003
136 0.1588235294117647
1162 0.11358173076923077
1163 0.10207939508506617
1172 0.20432432432432432
149 0.2036637931034483
150 0.24705882352941178
151 0.23062843197071384
152 0.17605961807172799
1177 0.19968304278922344
1178 0.2181188690132718
1180 0.14817718541748334
157 0.17655301261092948
158 0.17655301261092948
162 0.18956870611835505
163 0.15942640236187264
1189 0.1599661447312738
1190 0.1897590361445783
1191 0.1897590361445783
1195 0.20454545454545456
1196 0.20454545454545456
1197 0.20454545454545456
1395 0.1409921671018277
184 0.14549653579676675
185 0.12740141557128412
186 0.1277027027027027
1214 0.15875682486350273
1215 0.15875682486350273
192 0.17813383600377003
1217 0.15875682486350273
194 0.17940199335548174
1221 0.19863373620599054
203 0.2166189111747851
1228 0.17614165890027958
1229 0.17614165890027958
1239 0.13079584775086506
216 0.18768619662363456
217 0.15855704697986578
218 0.16098807495741055
219 0.16279069767441862
220 0.16057774001699235
221 0.1607826456826882
222 0.16105666808691946
223 0.15849056603773584
224 0.16050955414012738
225 0.2097669256381798
1255 0.1821686746987952
233 0.1495253164556962
234 0.1495253164556962
235 0.17565055762081785
1263 0.15041782729805014
251 0.15829145728643215
252 0.15849056603773584
1282 0.14015572858731926
1283 0.14015572858731926
262 0.1487603305785124
263 0.14887751083103584
264 0.1487603305785124
265 0.17419354838709677
266 0.17419354838709677
267 0.1487603305785124
268 0.17419354838709677
269 0.1487603305785124
1295 0.17647058823529413
276 0.1328646748681898
277 0.15309842041312272
278 0.15309842041312272
279 0.20010587612493383
280 0.20010587612493383
281 0.2490118577075099
282 0.20021186440677965
283 0.20031796502384738
284 0.20010587612493383
285 0.20010587612493383
589 0.14823529411764705
1312 0.14078212290502792
1313 0.14078212290502792
1314 0.14078212290502792
1315 0.1635655560363479
1316 0.14078212290502792
301 0.23290203327171904
302 0.2021390374331551
303 0.20246384574183182
304 0.1891891891891892
305 0.20723684210526316
306 0.20689655172413793
307 0.20883977900552486
308 0.20757825370675453
309 0.20588235294117646
310 0.17696629213483145
316 0.201815269620929
317 0.2012779552715655
1342 0.2181188690132718
1343 0.19957761351636746
1344 0.19957761351636746
1347 0.15035799522673032
1348 0.15035799522673032
326 0.161400512382579
327 0.1902365374937091
328 0.16216216216216217
329 0.16349480968858132
330 0.18834080717488788
331 0.1879661859771258
1361 0.1782178217821782
1362 0.1782178217821782
1363 0.17796610169491525
342 0.12389380530973451
1081 0.19947229551451187
344 0.12385321100917432
345 0.15829145728643215
346 0.18287373004354138
347 0.15829145728643215
1082 0.1758139534883721
1384 0.15223519935561822
1385 0.15223519935561822
1389 0.1431818181818182
370 0.2046561992420141
371 0.20532319391634982
1396 0.1409921671018277
1397 0.1409921671018277
375 0.1766355140186916
376 0.1766355140186916
377 0.17680074836295603
378 0.15041782729805014
1404 0.16023738872403562
1405 0.16023738872403562
1406 0.16023738872403562
1407 0.16023738872403562
1408 0.16023738872403562
1413 0.11347943560492345
1414 0.11347943560492345
1415 0.11347943560492345
1416 0.1686746987951807
1417 0.1686746987951807
401 0.1529745042492918
402 0.17991432651118516
403 0.15303643724696356
404 0.1529745042492918
405 0.1529745042492918
416 0.17532467532467533
417 0.16050955414012738
1451 0.19957761351636746
1452 0.15809284818067754
429 0.1513816579895875
1460 0.1889055472263868
1461 0.1444954128440367
442 0.15011914217633043
443 0.17655301261092948
1468 0.1632829373650108
1469 0.1632829373650108
1470 0.1632829373650108
450 0.16688741721854305
1481 0.16822429906542055
1482 0.16822429906542055
460 0.1596958174904943
461 0.1596958174904943
462 0.1596958174904943
463 0.1897590361445783
464 0.17622377622377622
465 0.14994049980166602
595 0.13291139240506328
472 0.1237721021611002
473 0.14093959731543623
474 0.1236102027468934
485 0.1758957654723127
685 0.13342746205435935
488 0.17605961807172799
489 0.17605961807172799
490 0.20510037981551818
491 0.17096336499321574
492 0.17027027027027028
493 0.17096336499321574
499 0.16844919786096257
500 0.19894736842105262
501 0.16608084358523725
502 0.16615384615384615
503 0.16608084358523725
1529 0.17597765363128492
507 0.17614165890027958
508 0.17614165890027958
509 0.17614165890027958
514 0.17906205589767882
515 0.1791469194312796
516 0.2158766419189035
517 0.21
428 0.17830188679245282
1549 0.17197452229299362
1550 0.18966382338183643
1551 0.18956870611835505
1556 0.13097713097713098
1557 0.13097713097713098
1558 0.13097713097713098
1560 0.14015572858731926
1561 0.14015572858731926
546 0.13079584775086506
547 0.15041782729805014
548 0.17150635208711434
549 0.17150635208711434
550 0.17158420335905583
561 0.1910055583628095
562 0.1910055583628095
574 0.19978858350951373
575 0.19957761351636746
576 0.19957761351636746
1121 0.20443482963764198
585 0.13720508166969148
586 0.13720508166969148
587 0.13725490196078433
1122 0.20443482963764198
590 0.17363344051446947
591 0.14823529411764705
592 0.1481191222570533
99 0.17524339360222532
596 0.19595645412130638
609 0.15186822016874246
610 0.15174628663187475
611 0.15180722891566265
612 0.15180722891566265
638 0.1899497487437186
639 0.18947368421052632
640 0.1596958174904943
641 0.20432432432432432
646 0.20443482963764198
652 0.1897590361445783
653 0.1618150684931507
654 0.19275879653238143
655 0.1897590361445783
656 0.1618150684931507
657 0.18985434455047714
674 0.1777150916784203
675 0.15035799522673032
676 0.15053763440860216
113 0.0926697720029419
114 0.10210696920583469
692 0.1102683780630105
693 0.12430121670503123
694 0.12430121670503123
695 0.12446493249917683
696 0.12430121670503123
697 0.14146706586826346
698 0.12430121670503123
700 0.1682991985752449
701 0.1682991985752449
702 0.1682991985752449
708 0.17516218721038
709 0.19081272084805653
710 0.17704918032786884
715 0.11081794195250659
716 0.11081794195250659
717 0.11081794195250659
718 0.11081794195250659
1145 0.1412556053811659
729 0.137155297532656
736 0.17655301261092948
737 0.17655301261092948
738 0.17597765363128492
739 0.15011914217633043
466 0.14994049980166602
756 0.24308681672025723
757 0.21976744186046512
758 0.21976744186046512
759 0.2202797202797203
760 0.2097669256381798
761 0.21176470588235294
762 0.21023359288097887
763 0.21023359288097887
764 0.19769874476987448
765 0.19769874476987448
770 0.159830866807611
771 0.159830866807611
772 0.159830866807611
773 0.159830866807611
774 0.1801715919923737
775 0.2
776 0.17721518987341772
788 0.1826086956521739
135 0.13710554951033732
839 0.18956870611835505
840 0.19236641221374046
853 0.20443482963764198
863 0.16174582798459564
864 0.16174582798459564
865 0.18928392588883325
866 0.17050067658998647
867 0.17050067658998647
1341 0.17363344051446947
892 0.1969775924960917
893 0.1637781629116118
894 0.17897727272727273
908 0.17363344051446947
1394 0.1409921671018277
934 0.1444954128440367
1181 0.14817718541748334
944 0.1486433346441211
945 0.1486433346441211
1182 0.16822429906542055
955 0.15223519935561822
956 0.15248083904800322
963 0.1880597014925373
964 0.1880597014925373
977 0.1952479338842975
983 0.11033274956217162
984 0.12389380530973451
985 0.1237721021611002
986 0.11030055442077619
1005 0.20432432432432432
1008 0.17788235294117646
1021 0.15976331360946747
1022 0.15976331360946747
1023 0.15976331360946747
