1024 1025
1024 53
1025 53
1026 1416
1026 1417
1026 1027
1026 303
1030 121
1030 550
343 1394
343 1395
343 1396
343 1397
343 342
343 697
343 344
343 1145
343 219
343 221
1039 1040
1039 308
1040 308
1041 216
1041 224
1041 218
30 32
30 33
30 34
30 131
30 54
30 327
30 840
30 402
30 894
30 31
31 32
33 131
33 132
33 133
33 134
33 839
33 840
33 1228
33 1229
33 1550
33 1295
33 464
33 377
33 1551
33 34
33 485
33 1190
33 1191
33 488
33 489
33 1008
33 561
33 562
33 51
33 52
33 53
33 54
33 375
33 376
33 1529
33 507
33 508
33 509
33 190
34 131
34 132
34 133
34 134
34 839
34 840
34 652
34 654
34 1551
34 657
34 1550
34 655
34 1190
34 1191
34 1130
34 561
34 562
34 756
34 53
34 54
34 760
34 761
34 762
34 763
34 865
44 45
44 46
45 609
45 610
45 611
45 612
45 46
46 192
46 193
46 194
46 428
46 78
46 1361
46 1362
46 1363
46 596
46 191
47 48
47 49
47 50
48 49
48 50
48 216
48 217
48 218
49 50
51 1008
51 52
51 53
51 54
51 55
51 56
51 57
51 58
52 53
52 54
53 1315
53 132
53 133
53 134
53 561
53 562
53 54
53 1468
53 1469
53 1470
54 133
54 132
54 134
54 1190
54 1191
54 488
54 489
54 839
54 1228
54 1229
54 1550
54 840
54 562
54 561
54 1529
55 547
55 1461
55 934
55 56
55 184
55 90
55 893
55 654
56 547
56 1461
56 934
56 184
56 893
56 654
57 58
57 685
1083 1082
1083 69
1086 516
1086 1087
1087 1088
1087 1089
1087 516
1088 516
1088 151
1089 516
1091 472
1091 473
1091 984
1092 984
1092 473
1092 985
69 97
69 710
69 70
69 71
69 72
69 758
69 977
69 757
69 310
69 1082
69 709
70 72
70 71
71 736
71 737
71 149
71 709
71 150
71 151
71 72
71 157
71 158
72 977
72 738
72 443
72 757
72 758
72 709
72 235
77 80
77 78
77 79
78 641
78 646
78 307
78 79
78 80
78 1172
78 853
78 121
78 306
78 281
78 1121
78 1122
78 1123
78 305
78 490
78 1195
78 1196
78 1005
78 1197
78 370
78 371
78 756
78 309
78 759
78 308
79 80
94 96
94 225
94 98
94 99
94 100
94 150
94 97
94 708
94 95
95 96
95 97
95 98
96 225
96 98
96 99
96 100
96 97
96 1481
96 1482
96 150
96 1177
96 708
96 700
96 701
96 702
1121 1122
1123 756
100 97
100 99
1130 657
1130 654
1130 774
1135 1136
1135 1137
1135 1138
1135 956
1135 194
1136 1137
1136 194
1136 956
1137 194
1137 956
1138 194
1138 956
1214 1216
1214 1217
1214 330
1214 1215
120 121
121 548
121 549
121 1255
121 550
121 764
121 765
191 192
191 193
191 194
126 128
126 770
126 771
126 772
126 773
126 127
127 128
127 770
127 771
127 772
127 517
127 1460
127 151
127 773
127 1021
127 1022
127 1023
128 1021
128 1022
128 1023
192 193
131 203
132 133
132 561
132 1228
132 562
132 134
132 1229
133 561
133 562
133 134
134 561
134 562
1217 1216
1217 330
1217 1215
136 585
136 216
136 729
136 586
136 587
136 135
136 223
1162 114
1162 1413
1162 1414
1162 1415
1162 186
1162 1163
1163 114
149 152
149 150
149 151
150 225
150 516
150 1221
150 301
150 500
150 151
150 1177
150 1178
150 281
150 1342
150 517
151 225
151 963
151 516
151 517
151 330
151 331
151 301
151 1460
151 964
152 517
1178 281
1178 1342
1180 589
1180 1181
1180 590
1180 591
1181 589
1181 590
1181 591
1182 302
162 163
162 316
162 301
162 638
162 639
1189 328
1189 327
1190 840
1190 1191
1191 840
1195 1196
1195 1197
1196 1197
1395 1394
1395 1396
1395 1397
1395 697
1395 1145
1395 219
184 185
184 186
185 186
186 1413
186 1414
186 1415
190 507
190 508
190 509
1215 1216
1215 330
1216 330
194 1384
194 1385
194 955
194 956
1221 500
203 303
203 316
203 317
203 302
203 301
1228 1229
1239 547
216 224
216 251
216 516
216 220
216 1452
216 221
216 788
216 219
216 217
216 345
216 346
216 347
216 252
216 218
216 222
216 223
217 218
217 251
217 252
218 219
218 220
218 251
218 252
218 224
219 224
219 1282
219 1283
219 1561
219 222
219 1394
219 1396
219 1397
219 697
219 1560
219 1145
219 220
219 221
219 473
220 224
220 221
220 222
221 1145
221 222
222 473
225 516
225 517
1255 764
1255 765
233 234
233 235
234 235
1263 376
1263 377
1263 375
251 252
252 345
252 347
252 346
1282 1145
1282 1283
1283 1145
262 263
262 264
262 265
262 266
262 267
262 268
262 269
263 944
263 945
263 264
263 265
263 266
263 267
263 268
263 269
264 265
264 266
264 267
264 268
264 269
265 944
265 945
265 307
265 268
265 266
265 267
265 908
265 269
266 944
266 945
266 307
266 267
266 908
266 269
266 268
267 268
267 269
268 944
268 945
268 307
268 908
268 269
1295 376
1295 375
1295 377
276 277
276 278
277 401
277 402
277 403
277 405
277 278
277 404
277 595
278 401
278 402
278 403
278 404
278 595
278 405
279 280
279 281
279 282
279 283
279 284
279 285
280 281
280 282
280 283
280 284
280 285
281 1344
281 576
281 282
281 1451
281 1343
281 1342
281 1081
281 283
281 284
281 285
281 574
281 575
282 450
282 283
282 284
282 285
283 1451
283 284
283 285
283 574
284 285
1312 1313
1312 1314
1312 1315
1312 1316
1313 1314
1313 1315
1313 1316
1314 1315
1314 1316
1315 1316
1315 1468
1315 1469
1315 1470
301 302
301 303
301 304
301 463
301 316
301 317
301 638
301 639
302 304
302 303
303 499
303 1416
303 1417
305 306
305 307
305 308
305 309
306 307
306 308
307 308
307 908
307 590
308 309
308 1549
309 371
309 490
309 491
309 493
310 97
316 317
316 638
316 639
1343 1344
1347 377
1347 1348
1348 377
326 328
326 329
326 327
327 1408
327 416
327 417
327 328
327 329
327 1406
327 402
327 596
327 1404
327 1405
327 894
327 1407
328 416
328 402
328 329
329 547
329 1389
330 331
1361 1362
1361 428
1362 428
342 344
342 692
345 346
345 347
346 788
346 516
346 347
1384 1385
1389 547
370 371
371 866
371 867
371 759
1396 1394
1396 1397
1396 697
1396 1145
1397 1394
1397 1145
1397 697
375 376
375 377
375 378
376 377
376 378
377 378
1404 1408
1404 416
1404 1405
1404 1406
1404 1407
1405 1408
1405 416
1405 1406
1405 1407
1406 1408
1406 416
1406 1407
1407 1408
1407 416
1408 416
1413 1414
1413 1415
1414 1415
1416 1417
401 402
401 403
401 404
401 405
402 416
402 417
402 894
402 403
402 404
402 405
403 595
403 404
403 405
404 405
416 596
428 429
1460 517
442 443
443 738
443 675
443 676
443 739
1468 1470
1468 1469
1469 1470
1481 1482
460 461
460 462
460 463
461 462
461 463
462 463
463 638
464 466
464 465
465 466
472 984
472 473
472 474
473 984
473 985
473 474
488 489
490 491
490 492
490 493
500 501
500 502
500 503
501 502
502 503
507 508
507 509
508 509
514 515
514 516
514 517
515 516
515 517
515 674
516 517
516 674
516 788
517 963
517 964
517 1341
1550 1551
1556 676
1556 1557
1556 1558
1557 676
1557 1558
1558 676
1560 1561
1560 1145
1561 1145
546 547
548 549
548 550
549 550
561 562
574 576
574 575
97 98
97 99
97 709
97 710
97 708
585 586
585 587
586 587
587 729
589 592
589 590
589 591
590 592
590 591
591 592
609 610
609 611
609 612
611 612
638 640
638 639
646 853
652 656
652 657
652 655
652 893
652 654
652 653
653 654
653 655
654 864
654 865
654 774
654 655
654 656
654 657
654 893
654 863
655 656
655 657
655 893
657 774
675 676
113 114
693 696
693 697
693 698
693 694
693 695
694 696
694 697
694 698
694 695
695 696
695 697
695 698
695 715
695 716
695 717
695 718
696 697
696 698
697 1394
697 1145
697 698
700 701
700 702
701 702
708 99
709 710
715 716
715 717
715 718
716 717
716 718
717 718
1145 1394
736 737
756 775
756 764
756 757
756 758
756 759
756 760
756 761
756 762
756 763
756 892
756 765
757 977
757 758
758 977
761 774
761 775
761 776
761 764
761 762
761 763
761 892
761 765
762 763
764 775
764 892
764 765
765 775
765 892
770 771
770 772
770 773
771 772
771 773
772 773
774 775
774 776
775 776
775 892
863 864
866 867
157 158
944 945
955 956
963 964
983 984
983 985
983 986
984 985
984 986
1021 1022
1021 1023
1022 1023
