1024 0.0
1025 0.0
1026 0.005291005291005291
1027 0.0
1030 0.0
343 0.01585430321062505
1039 0.0
1040 0.0
1041 0.0
30 0.09146071419938546
31 0.0
32 0.0
33 0.15205638247330577
34 0.25062807899754774
44 0.0
45 0.02100964169929687
46 0.14842752030043013
47 0.0
48 0.01578880889225717
49 0.0
50 0.0
51 0.0421142008457218
52 0.0
53 0.055437328590038054
54 0.015877891026305838
55 0.04282873814115304
56 0.03753773285014777
57 0.00529100529100529
58 0.0
1083 0.0
1086 0.0
1087 2.1051745189676224e-05
1088 0.0007861323132259077
1089 0.0
1091 0.0
1092 0.0
69 0.04193559271729363
70 0.0
71 0.06686864789817724
72 0.07233473046454308
77 0.0
78 0.3971841813568116
79 0.0
80 0.0
90 0.0
94 0.010796070073574181
95 0.0
96 0.037223027535014365
97 0.01483944201513988
98 0.0
1123 0.0
100 0.0
1130 0.0003537528578579481
1135 9.356331195411655e-06
1136 0.0
1137 0.0
1138 0.0
190 0.0
120 0.0
121 0.0318192116221673
191 0.00012631047113805733
126 2.8068993586234965e-05
127 0.04682609855023648
128 2.1051745189676224e-05
1216 0.0
131 0.17487795951990623
132 0.001465463648108583
133 0.0
134 0.0
193 0.0
136 0.026244509003129694
1162 0.01578880889225717
1163 0.0
1172 0.0
149 0.0023992162277361403
150 0.34514711880253146
151 0.15639617135040235
152 1.4970129912658648e-05
1177 0.0
1178 0.0
1180 0.0
157 0.0
158 0.0
162 0.005291005291005291
163 0.0
1189 0.0
1190 0.0
1191 0.0
1195 0.0
1196 0.0
1197 0.0
1395 0.0
184 0.04660856384994316
185 0.0
186 0.0364475881717261
1214 0.0
1215 0.0
192 0.0
1217 0.0
194 0.0417479497939268
1221 0.0
203 0.17468615473040028
1228 0.0
1229 0.0
1239 0.0
216 0.25542784163473803
217 3.742532478164662e-05
218 0.0017192258571568934
219 0.12507309633746422
220 1.871266239082331e-05
221 0.01193516998114699
222 0.021483305966064587
223 0.0
224 0.0001426840507300277
225 0.00869791280300312
1255 0.0
233 0.0
234 0.0
235 0.010553941588424346
1263 0.0
251 0.0
252 6.315523556902867e-05
1282 0.0
1283 0.0
262 0.0
263 2.8068993586234965e-05
264 0.0
265 0.012111770732460298
266 0.012111770732460298
267 0.0
268 0.012111770732460298
269 0.0
1295 0.0
276 0.0
277 0.004388119330648086
278 0.004388119330648086
279 0.0
280 0.0
281 0.2701627204105746
282 0.005291005291005291
283 9.122422915526363e-05
284 0.0
285 0.0
589 9.356331195411655e-06
1312 0.0
1313 0.0
1314 0.0
1315 0.020995607202503756
1316 0.0
301 0.22154874297229873
302 0.006170032606814215
303 0.026230474506336574
304 0.0
305 0.00022221286589102675
306 0.0
307 0.08705598360770775
308 0.016039090751734424
309 0.005728413774390786
310 0.0
316 0.004219705369130655
317 0.0
1342 0.0
1343 0.0
1344 0.0
1347 0.0
1348 0.0
326 0.0
327 0.06458243852541597
328 0.0011295764990346274
329 0.014095322390537682
330 0.020995607202503753
331 0.0
1361 0.0
1362 0.0
1363 0.0
342 0.005291005291005291
1081 0.0
344 0.0
345 0.0
346 0.006757610205886068
347 0.0
1082 0.0
1384 0.0
1385 0.0
1389 0.0
370 0.0
371 0.010593705996004845
1396 0.0
1397 0.0
375 0.003485233370290862
376 0.003485233370290862
377 0.0140391749587153
378 0.0
1404 0.0
1405 0.0
1406 0.0
1407 0.0
1408 0.0
1413 0.0
1414 0.0
1415 0.0
1416 0.0
1417 0.0
401 0.0
402 0.045448457607945615
403 0.0017496339335419894
404 0.0
405 0.0
416 0.010679149349100116
417 0.0
1451 0.0
1452 0.0
429 0.0
1460 0.0
1461 0.0
442 0.0
443 0.03660196763645039
1468 0.0
1469 0.0
1470 0.0
450 0.0
1481 0.0
1482 0.0
460 0.0
461 0.0
462 0.0
463 0.01578880889225717
464 0.010553941588424346
465 0.0
595 0.0
472 2.572991078738205e-05
473 0.0416286565711853
474 0.0
485 0.0
685 0.0
488 0.0
489 0.0
490 0.010291964314952821
491 0.0
492 0.0
493 0.0
499 0.0
500 0.015795826140653727
501 0.0
502 7.017248396558741e-06
503 0.0
1529 0.0
507 0.0
508 0.0
509 0.0
514 0.0
515 8.888514635641076e-05
516 0.2860200411071955
517 0.029890000667392093
428 0.005291005291005291
1549 0.0
1550 4.6781655977058275e-06
1551 0.0
1556 0.0
1557 0.0
1558 0.0
1560 0.0
1561 0.0
546 0.0
547 0.01851014034922081
548 0.0
549 0.0
550 1.4034496793117482e-05
561 0.0
562 0.0
574 2.1051745189676224e-05
575 0.0
576 0.0
1121 0.0
585 0.0
586 0.0
587 1.4034496793117482e-05
1122 0.0
590 0.02618369285035951
591 9.356331195411655e-06
592 0.0
99 3.5086241982793706e-06
596 0.04560658644501361
609 1.4034496793117482e-05
610 0.0
611 0.0
612 0.0
638 0.005403281265350231
639 0.0
640 0.0
641 0.0
646 0.0
652 0.004666751232768399
653 0.0
654 0.07000365561664205
655 0.004666751232768399
656 0.0
657 0.00039351726543844766
674 0.0
675 0.0
676 0.01578880889225717
113 0.0
114 0.005291005291005292
692 0.0
693 0.0
694 0.0
695 0.02099560720250375
696 0.0
697 0.046608563849943156
698 0.0
700 0.0
701 0.0
702 0.0
708 0.0
709 0.0018477584569538603
710 0.0
715 0.0
716 0.0
717 0.0
718 0.0
1145 0.0006268741900925806
729 0.0
736 0.0
737 0.0
738 0.0
739 0.0
466 0.0
756 0.2316539132017195
757 0.04011655485556278
758 0.04011655485556278
759 0.0026106503117997366
760 0.0
761 0.012658690817560577
762 0.0
763 0.0
764 0.005307214634245731
765 0.005307214634245731
770 0.0
771 0.0
772 0.0
773 0.0
774 0.0026506398341157645
775 0.004154698188522803
776 0.0
788 0.0
135 0.0
839 0.0
840 0.00018525535766915075
853 0.0
863 0.0
864 0.0
865 0.0
866 0.0
867 0.0
1341 0.0
892 0.0
893 0.00030996188631656613
894 0.0
908 0.0
1394 0.0
934 0.0
1181 0.0
944 0.0
945 0.0
1182 0.0
955 0.0
956 3.742532478164662e-05
963 0.0
964 0.0
977 0.0
983 7.017248396558741e-06
984 0.00794586426770335
985 0.0026150945691175574
986 0.0
1005 0.0
1008 0.0
1021 0.0
1022 0.0
1023 0.0
