1 0.4032364597093791
2 0.39374395356336667
5 0.3485583785326863
6 0.30282738095238093
7 0.3088012139605463
8 0.370336669699727
9 0.38275862068965516
10 0.37638717632552404
11 0.3003690036900369
12 0.3465796196423503
13 0.4136178861788618
14 0.4472527472527473
15 0.4031033344338065
16 0.42278393351800553
17 0.3210623192216671
18 0.400196656833825
19 0.336734693877551
20 0.37942821628340584
21 0.43129636170964325
22 0.41987620357634114
23 0.4332860184528034
24 0.42249134948096884
26 0.3416340235030778
27 0.40443855581318316
28 0.382638671262927
29 0.3912207625760974
30 0.2597872340425532
31 0.42351716961498437
32 0.3947623666343356
33 0.31896551724137934
34 0.3327882256745707
35 0.39285714285714285
36 0.38408304498269896
37 0.31275614754098363
38 0.30927051671732525
39 0.38144329896907214
40 0.44
41 0.3434599156118143
42 0.38215962441314555
43 0.3808484092326887
44 0.2884479092841956
45 0.32955465587044536
46 0.41042016806722686
47 0.34211263659288316
51 0.2898860398860399
52 0.2825734783614904
53 0.3465796196423503
55 0.4983673469387755
56 0.412221471978393
58 0.34786324786324785
59 0.2884479092841956
62 0.3089574898785425
64 0.3674390610893771
65 0.365787896944278
66 0.2749380770096825
67 0.28322894919972164
68 0.42425295343988884
69 0.33879023307436185
70 0.37592364532019706
72 0.43251859723698194
73 0.3687707641196013
75 0.4300810144417048
76 0.33442892358258014
77 0.3462847419171866
78 0.35890652557319225
79 0.3601769911504425
80 0.38553836438269656
81 0.343266797863368
82 0.3948900388098318
83 0.2910607866507747
84 0.392226148409894
85 0.4016447368421053
86 0.31501547987616096
87 0.385781990521327
88 0.33269754768392373
89 0.43873517786561267
90 0.38712745719720987
92 0.3482601254991443
93 0.358695652173913
95 0.3335154329418192
96 0.34776416975220736
97 0.33992204899777284
98 0.3570175438596491
99 0.4303842086711315
100 0.39235218508997427
101 0.4299295774647887
102 0.40045916693998035
103 0.3194662480376766
104 0.2764319673986869
105 0.2736441057821605
106 0.2730932677253411
107 0.32447515280361416
109 0.400327868852459
110 0.3213157894736842
113 0.407
114 0.38108614232209737
115 0.4368515205724508
116 0.2715143428952635
117 0.4282707821816906
118 0.40931947703654037
119 0.46763692072003066
121 0.369887912753711
123 0.37089914945321995
124 0.38192055051610885
125 0.3636092912447886
127 0.33935519733185104
128 0.3103711235383833
129 0.2641713543920381
130 0.38275862068965516
132 0.4200206398348813
133 0.30833333333333335
136 0.37316625916870416
137 0.3854166666666667
138 0.3704490291262136
140 0.3897223108841366
141 0.3020781791192479
142 0.3660071942446043
143 0.3583798062811858
144 0.42797055730809674
145 0.38456692913385826
147 0.36167061611374407
149 0.37067395264116576
150 0.45424107142857145
151 0.4115267947421638
152 0.2898172323759791
154 0.4320594479830149
155 0.5186915887850467
156 0.41901166781056964
157 0.37146334043200485
158 0.2814012445263886
159 0.38480932871099904
160 0.39552964042759964
162 0.3888535031847134
163 0.3511647972389991
165 0.3859039190897598
166 0.3347957225116534
167 0.4168658245134858
168 0.37907482148401117
170 0.44594594594594594
171 0.2597872340425532
172 0.4150237933378654
173 0.22260711030082042
175 0.3394495412844037
177 0.39285714285714285
178 0.3598585322723254
179 0.3655688622754491
180 0.4588500563697858
181 0.392226148409894
184 0.3005908419497784
185 0.362852897473997
186 0.3564963503649635
187 0.4136178861788618
188 0.35733099209833186
189 0.4472527472527473
190 0.3849306431273644
191 0.42902319044272663
192 0.36252969121140144
193 0.3104500381388253
194 0.34945621064682314
198 0.3129164531009739
200 0.326383319967923
201 0.2933685728015377
202 0.4309918813978115
203 0.33251633986928103
204 0.4158719346049046
205 0.3959143968871595
207 0.3671076368009621
208 0.2555997487963157
209 0.39655732380643066
210 0.4210344827586207
211 0.40836120401337794
212 0.2580849714648066
213 0.28628370457209845
215 0.2745053956834532
216 0.32673267326732675
217 0.3888535031847134
218 0.424400417101147
219 0.4138983050847458
220 0.3664465786314526
222 0.3074018126888218
223 0.4311440677966102
224 0.40006553079947577
225 0.3005908419497784
227 0.37766780080420664
229 0.3932367149758454
230 0.32673267326732675
233 0.3919743178170145
235 0.2840195394277739
237 0.3001474926253687
238 0.42045454545454547
239 0.3274336283185841
241 0.4314487632508834
243 0.3722560975609756
244 0.3425925925925926
245 0.33315143246930423
246 0.29621542940320233
248 0.37259688739700947
249 0.43221238938053097
250 0.32655790318266914
252 0.29301655867530596
253 0.42249134948096884
255 0.28709146484834236
256 0.396042815439507
257 0.39361702127659576
259 0.40808823529411764
262 0.34667802385008517
264 0.3904700991365526
267 0.3662267546490702
268 0.36231454005934716
269 0.2749380770096825
272 0.2960717749757517
273 0.37488486337120047
274 0.34697357203751067
275 0.33664185277088504
276 0.41872427983539096
277 0.3548387096774194
278 0.4475806451612903
279 0.35136690647482016
280 0.31323755772190864
281 0.37396630934150077
282 0.3793103448275862
283 0.37954616101958344
284 0.3005908419497784
287 0.3471708842763719
288 0.4191555097837281
289 0.38287864534336785
290 0.3649133293484758
291 0.3088012139605463
292 0.3037313432835821
293 0.358801057890097
295 0.38192055051610885
296 0.44207096307023896
297 0.44529540481400437
298 0.3686594202898551
299 0.37511520737327186
300 0.3691051995163241
301 0.4362272240085745
303 0.37305224564619616
305 0.35901205527785945
307 0.38553836438269656
308 0.31772053083528495
309 0.35911764705882354
310 0.3211467648605997
311 0.3596465390279823
312 0.4032364597093791
313 0.3687707641196013
314 0.305479109331999
315 0.3867595818815331
316 0.38922537456168316
317 0.39361702127659576
318 0.3110828025477707
321 0.30856709628506446
323 0.4552572706935123
325 0.26246775580395526
326 0.39771986970684037
327 0.3162393162393162
328 0.34297752808988763
329 0.3512658227848101
331 0.3551483420593368
332 0.41629730651210367
333 0.3548387096774194
335 0.4039034072113794
337 0.35628829880361834
338 0.2825734783614904
340 0.30525
341 0.3626373626373626
344 0.37350871826246557
345 0.3812051201998127
347 0.43053596614950634
349 0.3704490291262136
350 0.38037383177570094
351 0.36921681282128815
352 0.39235218508997427
353 0.3215696602580985
354 0.3088012139605463
355 0.34766514806378135
356 0.3269076305220884
357 0.38922537456168316
358 0.32664526484751205
360 0.28803963198867655
361 0.39134615384615384
362 0.3481608212147134
363 0.44047619047619047
364 0.2840195394277739
365 0.3585903083700441
367 0.3481608212147134
368 0.33017847485127094
370 0.34995700773860705
371 0.37385180649112065
373 0.3090356871678056
374 0.3804923652228108
377 0.42647572476423334
378 0.3822792736380714
379 0.35299219427580225
380 0.23704135119394293
381 0.3832391713747646
382 0.308489135927236
383 0.3736230110159119
384 0.3554585152838428
385 0.3554585152838428
387 0.4730724525377761
388 0.3222486144101346
389 0.407543391188251
390 0.4089082384460817
391 0.3852950457557589
392 0.2558675607711651
393 0.3929835854522047
394 0.4441615132775555
396 0.4057826520438684
397 0.27007299270072993
399 0.4299295774647887
400 0.22695167286245352
401 0.3269076305220884
402 0.4101444407121263
403 0.31452859350850076
404 0.29621542940320233
405 0.4407942238267148
406 0.41347781916694887
407 0.2597872340425532
408 0.2597872340425532
409 0.3767355754396791
410 0.3917228103946102
411 0.3007389162561576
414 0.34394366197183096
415 0.38959795788130186
416 0.36038961038961037
417 0.42812061711079946
418 0.39147162552100034
419 0.3418253079507279
420 0.3547356188262638
421 0.3581695511880317
422 0.3893494897959184
424 0.2823121387283237
426 0.3035803083043262
427 0.36060248080330776
428 0.3755767456167333
429 0.32013633980073414
431 0.42887249736564803
432 0.40457256461232605
434 0.4500552893475857
436 0.3854166666666667
437 0.31772053083528495
438 0.4109727364523729
439 0.3235294117647059
440 0.37825278810408924
441 0.4111111111111111
442 0.376271186440678
443 0.3678818921361856
444 0.3844458438287154
445 0.318798955613577
446 0.38204005006257824
448 0.35743559718969553
449 0.39967266775777416
450 0.28127159640635796
451 0.36633663366336633
452 0.396042815439507
453 0.39720234222511386
454 0.44659839063643014
460 0.43607142857142855
461 0.4074074074074074
462 0.28661971830985916
465 0.39450726978998385
466 0.3341543513957307
467 0.4518874907475944
468 0.43498396864980404
469 0.4326718639262934
470 0.346875
471 0.3035048471290082
472 0.4238111766747657
474 0.3005908419497784
475 0.3816817755548609
477 0.444
479 0.42410559221952066
480 0.4254355400696864
481 0.3755767456167333
483 0.4561075831154277
484 0.4051094890510949
487 0.2935096153846154
488 0.319800942902043
489 0.406052544063851
490 0.4495581737849779
491 0.34511023176936123
492 0.4140386571719227
493 0.4485672299779574
494 0.35442670537010157
495 0.40645805592543277
496 0.2947139753801593
497 0.3088012139605463
498 0.40006553079947577
499 0.3707865168539326
500 0.3554585152838428
501 0.4168658245134858
502 0.30502123407444415
503 0.37766780080420664
504 0.38384155925809493
505 0.3532986111111111
506 0.3290218270008084
507 0.3455986413812624
508 0.40524394291403915
509 0.3005908419497784
511 0.34375
512 0.4535661218424963
513 0.31275614754098363
514 0.4472527472527473
515 0.4470889783961919
516 0.28661971830985916
517 0.3601769911504425
518 0.3649133293484758
519 0.40551311856526073
521 0.31938268375621237
523 0.28303198887343534
524 0.44659839063643014
525 0.35774978025197773
527 0.3661169415292354
530 0.33116354759967453
532 0.37385180649112065
534 0.2979502196193265
535 0.4532293986636971
536 0.38798856053384173
537 0.35299219427580225
538 0.3831189206149984
539 0.4502212389380531
540 0.3120368004088934
541 0.32310134956337655
542 0.29259525521207763
543 0.2825734783614904
544 0.4109727364523729
547 0.44610887833394225
548 0.3219087793303454
549 0.35452961672473865
550 0.3523809523809524
551 0.35628829880361834
553 0.3138010794140324
554 0.2890625
555 0.32699517943224427
556 0.38335949764521193
559 0.4197318666208319
560 0.40877134248409774
561 0.4343649946638207
562 0.38959795788130186
563 0.41800753166723725
564 0.39655732380643066
566 0.4148827726809378
567 0.40151266030910887
568 0.4138983050847458
570 0.41643929058663026
572 0.3599646226415094
573 0.3849306431273644
574 0.41347781916694887
575 0.41901166781056964
577 0.38663711209626345
578 0.36060248080330776
579 0.38910133843212236
580 0.3527882114995666
583 0.37907482148401117
584 0.2905759162303665
585 0.41431964709874447
587 0.4051094890510949
588 0.38602592475497943
589 0.4025717111770524
590 0.3660071942446043
591 0.40564784053156144
595 0.326296098343132
596 0.4108344549125168
597 0.38456692913385826
598 0.3317934782608696
600 0.3979791395045632
601 0.3219087793303454
602 0.41944349020954996
603 0.3516705069124424
604 0.4160136286201022
605 0.38910133843212236
609 0.4028373474100957
610 0.4306878306878307
612 0.40808823529411764
613 0.3176378772112383
614 0.37708462013588634
615 0.45088626292466766
616 0.28722653493295697
617 0.3686594202898551
618 0.41786447638603696
619 0.38192055051610885
620 0.3954015544041451
621 0.35504507124164003
622 0.31060798778936655
623 0.41263940520446096
624 0.2964311726147123
625 0.3089574898785425
626 0.3704490291262136
628 0.28661971830985916
631 0.4267738552953513
632 0.28878902554399244
634 0.40632279534109816
635 0.36545944328045493
637 0.3893494897959184
640 0.39374395356336667
641 0.5030902348578492
642 0.46781609195402296
643 0.3185494390816593
644 0.4637295860235473
645 0.38215962441314555
646 0.365787896944278
647 0.40849782535965207
648 0.36060248080330776
649 0.3752304855562385
650 0.400327868852459
651 0.2898860398860399
652 0.37708462013588634
653 0.36252969121140144
654 0.28023869635070003
655 0.27518593644354294
657 0.362852897473997
659 0.35086206896551725
660 0.38602592475497943
661 0.37305224564619616
662 0.38602592475497943
664 0.4299295774647887
667 0.35890652557319225
668 0.3549418604651163
669 0.45339769773486815
670 0.295355587808418
671 0.31988472622478387
674 0.30148148148148146
675 0.45071982281284606
676 0.4547486033519553
677 0.39336340206185566
679 0.3585903083700441
680 0.3509629203794194
681 0.34011142061281335
682 0.2506672141244098
683 0.3581695511880317
684 0.3377593360995851
685 0.3627450980392157
686 0.32165437302423605
687 0.4276707530647986
688 0.4160136286201022
689 0.2703720106288751
690 0.28023869635070003
691 0.3676603432700994
693 0.38910133843212236
694 0.37872208436724564
696 0.29521276595744683
699 0.40006553079947577
700 0.3002951303492376
701 0.31772053083528495
702 0.3686594202898551
703 0.39235218508997427
704 0.34384680371726273
705 0.2641713543920381
708 0.32982171799027554
709 0.3635010419767788
711 0.4106962663975782
712 0.42161602209944754
713 0.35207612456747406
714 0.3979791395045632
715 0.36124260355029586
716 0.28661971830985916
717 0.24791878172588833
718 0.3077116935483871
720 0.3261217948717949
721 0.390595009596929
722 0.308411214953271
725 0.3800186741363212
726 0.4158719346049046
727 0.41347781916694887
729 0.4901645925331192
730 0.32955465587044536
731 0.3664465786314526
732 0.29977903265406336
735 0.3715763846622033
736 0.38786531130876745
737 0.4342105263157895
738 0.2597872340425532
739 0.3581695511880317
740 0.2990448199853049
741 0.465497521921464
743 0.3947623666343356
744 0.32275971451229185
745 0.31509677419354837
747 0.3718026796589525
749 0.4051094890510949
754 0.45971385542168675
755 0.4136178861788618
756 0.45867768595041325
757 0.26788064940763495
758 0.30282738095238093
760 0.36371760500446826
761 0.3283140629201398
762 0.4306878306878307
763 0.37135036496350365
764 0.42249134948096884
765 0.4692544196771714
766 0.355665598601806
767 0.39374395356336667
768 0.3567046450482033
771 0.33188366403914105
772 0.400327868852459
773 0.4583333333333333
774 0.3192156862745098
775 0.42484342379958245
776 0.32370095440084834
777 0.42513927576601673
778 0.4127789046653144
779 0.3825187969924812
780 0.32370095440084834
781 0.44063514976542767
782 0.4131979695431472
784 0.370112155198545
786 0.3984986945169713
787 0.4037698412698413
788 0.4141791044776119
790 0.3454031117397454
791 0.37755102040816324
792 0.3718026796589525
793 0.4007220216606498
794 0.18172347075457657
796 0.3843248347497639
797 0.30678391959798995
798 0.4623248769405528
799 0.2687651331719128
800 0.28878902554399244
801 0.39993449066491976
802 0.3774343122102009
803 0.38688212927756654
804 0.3358085808580858
805 0.38872970391595035
806 0.412221471978393
807 0.4197318666208319
808 0.37
809 0.3865147198480532
810 0.42074431426602343
811 0.3503586800573888
812 0.3523809523809524
813 0.40138067061143984
814 0.4009852216748768
815 0.4065934065934066
816 0.40484084880636606
817 0.3964285714285714
818 0.4697960754136206
819 0.3074018126888218
820 0.2220403709765412
821 0.222
822 0.39733159778717864
823 0.39235218508997427
824 0.4334398296059638
825 0.33116354759967453
826 0.4306878306878307
827 0.3537079953650058
828 0.3704490291262136
829 0.44047619047619047
830 0.40270448548812665
831 0.33879023307436185
833 0.33442892358258014
834 0.32165437302423605
835 0.43175388967468176
836 0.40524394291403915
837 0.43359375
838 0.4409534127843987
839 0.39463477698771815
840 0.34240044868199665
841 0.3547356188262638
842 0.36124260355029586
843 0.3846880907372401
846 0.3219087793303454
847 0.3888535031847134
848 0.32370095440084834
849 0.3321545157780196
850 0.32482043096568236
851 0.4140386571719227
852 0.4146010186757216
854 0.38132417239225486
855 0.47844827586206895
856 0.4750972762645914
857 0.38786531130876745
858 0.33645632405621384
859 0.3684369342184671
860 0.39967266775777416
861 0.3884823417117404
862 0.3702243784111583
863 0.27953296703296704
864 0.370112155198545
865 0.40986908358509566
868 0.28756476683937826
869 0.36156351791530944
870 0.35628829880361834
871 0.3523809523809524
872 0.3720292504570384
873 0.38372093023255816
874 0.3899712551900351
875 0.3641515061139278
876 0.3614564831261101
878 0.4741747572815534
879 0.4343649946638207
880 0.4637295860235473
881 0.3804923652228108
882 0.3779015784586815
883 0.39759036144578314
884 0.2964311726147123
885 0.44047619047619047
886 0.4182939362795478
887 0.370336669699727
888 0.3213157894736842
889 0.3492562929061785
890 0.3005908419497784
891 0.4154474310990133
892 0.4328252392768522
893 0.4047066622472655
894 0.36306868867082964
895 0.4282707821816906
896 0.34481784806551824
897 0.3942525024216984
898 0.344331641285956
899 0.35597667638483965
900 0.43129636170964325
901 0.39707317073170734
903 0.3492562929061785
904 0.38275862068965516
907 0.4229303775545549
908 0.38639240506329114
909 0.4161554192229039
910 0.2967914438502674
911 0.35289017341040463
912 0.3005908419497784
913 0.33315143246930423
914 0.34965635738831613
915 0.35391304347826086
916 0.3961713173264114
918 0.3908450704225352
919 0.41743589743589743
920 0.31052899287894203
921 0.4074074074074074
922 0.39463477698771815
925 0.3774343122102009
926 0.33794630500968725
927 0.4647887323943662
929 0.32708277524779
930 0.38061097256857856
931 0.3117181516466684
932 0.41843728581220013
933 0.38761904761904764
934 0.43700787401574803
935 0.46745788667687593
936 0.4384201077199282
937 0.3900958466453674
938 0.4131979695431472
939 0.3021529324424647
940 0.3990196078431373
941 0.42588071154516915
942 0.39235218508997427
943 0.4448087431693989
944 0.4036363636363636
945 0.2580304311073542
946 0.39552964042759964
947 0.3978494623655914
949 0.37373737373737376
950 0.38823529411764707
951 0.32370095440084834
952 0.3825187969924812
953 0.4343649946638207
954 0.3563922942206655
955 0.35848502642395774
956 0.4255838271174625
958 0.3339715536105033
959 0.38335949764521193
960 0.3237867939538584
961 0.4154474310990133
962 0.3380398671096346
963 0.48510131108462456
964 0.3655688622754491
965 0.35066053991958646
966 0.43905070118662354
967 0.42469565217391303
968 0.3727106227106227
970 0.3921001926782274
971 0.3889773813316343
972 0.4261780104712042
973 0.40443855581318316
974 0.4153061224489796
975 0.38959795788130186
977 0.3903452685421995
978 0.30678391959798995
979 0.4296270232230823
980 0.43700787401574803
981 0.4160136286201022
982 0.38786531130876745
983 0.3358085808580858
984 0.3402061855670103
987 0.32370095440084834
988 0.3842039018250472
989 0.38025537215820615
990 0.41944349020954996
991 0.37615526802218113
992 0.3786046511627907
993 0.41843728581220013
994 0.3779015784586815
995 0.38037383177570094
996 0.4211797171438427
998 0.38132417239225486
1000 0.40591755319148937
1001 0.3979791395045632
1003 0.36921681282128815
1004 0.4260293091416609
1005 0.31179775280898875
1006 0.3356239692138538
1007 0.4035029742233972
1008 0.4023064250411862
1009 0.3627450980392157
1010 0.39993449066491976
1013 0.3984986945169713
1014 0.32293044168209467
1015 0.4057826520438684
1017 0.32370095440084834
1018 0.33098400650582815
1019 0.30786686838124055
1020 0.38384155925809493
1021 0.4150237933378654
1023 0.3254264392324094
1024 0.38761904761904764
1025 0.3330605564648118
1026 0.3883587786259542
1028 0.38204005006257824
1029 0.2957132477597481
1030 0.32370095440084834
1031 0.4475806451612903
1034 0.3408710217755444
1036 0.40336967294350845
1037 0.3674390610893771
1038 0.3903452685421995
1040 0.3851735015772871
1041 0.47676688793440064
1042 0.32725810774591263
1044 0.3684369342184671
1045 0.42573221757322177
1046 0.2771221062187926
1047 0.4342105263157895
1048 0.4366952789699571
1049 0.40808823529411764
1051 0.5193534666099532
1052 0.40336967294350845
1053 0.4057826520438684
1054 0.42190739460953697
1055 0.42917398945518453
1057 0.3475661827497865
1058 0.3456964892412231
1060 0.3371996685998343
1061 0.4140386571719227
1062 0.3807296538821328
1063 0.43529411764705883
1064 0.32568684982662044
1065 0.37907482148401117
1067 0.41446028513238287
1068 0.3549418604651163
1069 0.38287864534336785
1070 0.369887912753711
1071 0.35932901706886405
1072 0.3741955255899479
1074 0.35289017341040463
1075 0.3581695511880317
1076 0.3870047543581617
1077 0.36252969121140144
1078 0.3348875479978058
1079 0.3005908419497784
1080 0.35106382978723405
1081 0.4188679245283019
1082 0.3440405748098056
1083 0.3648043023603227
1084 0.3359933957072097
1085 0.43576017130620986
1086 0.4376344086021505
1087 0.32893318965517243
1088 0.40849782535965207
1089 0.30140705998518885
1090 0.37067395264116576
1091 0.3877421403620197
1092 0.3889773813316343
1093 0.38132417239225486
1095 0.3938709677419355
1096 0.39967266775777416
1097 0.33645632405621384
1099 0.28322894919972164
1100 0.32955465587044536
1101 0.4739906832298137
1102 0.3336065573770492
1103 0.4115267947421638
1104 0.45764617691154424
1105 0.35136690647482016
1106 0.39655732380643066
1108 0.42573221757322177
1109 0.400327868852459
1112 0.4945321992709599
1113 0.40986908358509566
1114 0.37101185050136737
1115 0.400327868852459
1116 0.35289017341040463
1117 0.4547486033519553
1119 0.30724710619023654
1121 0.40484084880636606
1122 0.3822792736380714
1123 0.38614800759013285
1124 0.370336669699727
1125 0.4515532544378698
1126 0.39399806389157793
1127 0.3505598621877692
1128 0.38712745719720987
1129 0.3362709997245938
1130 0.3784872907625543
1131 0.39565780946208684
1133 0.38614800759013285
1134 0.3756923076923077
1135 0.43160127253446445
1136 0.3139624582154796
1139 0.37385180649112065
1140 0.4076794657762938
1141 0.3793103448275862
1144 0.35901205527785945
1145 0.33098400650582815
1146 0.3592233009708738
1148 0.3951456310679612
1149 0.38347989949748745
1150 0.4140386571719227
1152 0.4362272240085745
1153 0.48413957176843775
1154 0.37236962488563585
1155 0.35106382978723405
1156 0.35086206896551725
1157 0.32370095440084834
1158 0.35587292334596327
1159 0.3557692307692308
1160 0.2826388888888889
1161 0.41929945054945056
1162 0.43984149855907784
1163 0.4373209169054441
1164 0.4464351005484461
1165 0.33850845578042693
1166 0.4102822580645161
1167 0.3635010419767788
1168 0.3829987452948557
1169 0.3403958739894062
1170 0.308411214953271
1171 0.3658975127359904
1172 0.4136178861788618
1175 0.33954393770856506
1176 0.3321545157780196
1177 0.42337031900138694
1178 0.32370095440084834
1179 0.4701578744705429
1180 0.38108614232209737
1182 0.32370095440084834
1183 0.28514712751050914
1184 0.2853470437017995
1185 0.439366678661389
1186 0.35268630849220106
1187 0.41929945054945056
1188 0.29442970822281167
1189 0.2972249269717624
1190 0.33116354759967453
1191 0.44271211022480056
1192 0.4036363636363636
1193 0.3832391713747646
1194 0.37942821628340584
1195 0.40524394291403915
1196 0.34726962457337884
1197 0.3553550640279395
1198 0.34442877291960505
1199 0.3483594864479315
1200 0.439366678661389
1201 0.3592233009708738
1202 0.44191096634093374
1203 0.34965635738831613
1204 0.3486579097658481
1205 0.37990043559427505
1206 0.3046407185628742
1207 0.3746548020865296
1208 0.326296098343132
1209 0.45339769773486815
1210 0.38144329896907214
1211 0.4157303370786517
1212 0.4148827726809378
1213 0.3163212435233161
1214 0.427221833449965
1215 0.4200206398348813
1216 0.4167235494880546
1217 0.41558883594281826
1218 0.38239899780770437
1219 0.3583798062811858
1220 0.38786531130876745
1221 0.40524394291403915
1222 0.41055817081371887
1223 0.45088626292466766
1224 0.35177182368193605
1225 0.3185494390816593
1226 0.39552964042759964
1227 0.3893494897959184
1229 0.3581695511880317
1231 0.42947590573338024
1232 0.4366952789699571
1233 0.29301655867530596
1234 0.3208935611038108
1236 0.44529540481400437
1237 0.37825278810408924
1238 0.4035029742233972
1239 0.3912207625760974
1240 0.3348875479978058
1242 0.3356239692138538
1244 0.3948900388098318
1245 0.4745433346288379
1246 0.4559372666168783
1247 0.32673267326732675
1249 0.35848502642395774
1250 0.42528735632183906
1251 0.3831189206149984
1252 0.3662267546490702
1253 0.39720234222511386
1254 0.4020414883108331
1255 0.3642601431980907
1256 0.3687707641196013
1257 0.39967266775777416
1258 0.37766780080420664
1259 0.19495449465112566
1260 0.24211778703152886
1261 0.3356239692138538
1262 0.33664185277088504
1263 0.3722560975609756
1264 0.37872208436724564
1265 0.32370095440084834
1266 0.3644776119402985
1267 0.29379210779595766
1268 0.3497565167573761
1269 0.3929835854522047
1270 0.45071982281284606
1271 0.39862879529872675
1273 0.30763416477702193
1274 0.3842039018250472
1275 0.3812051201998127
1276 0.4037698412698413
1277 0.4263268156424581
1278 0.3883587786259542
1279 0.32752145922746784
1280 0.38456692913385826
1281 0.32370095440084834
1282 0.40457256461232605
1286 0.4346742613029548
1287 0.396042815439507
1288 0.3752304855562385
1289 0.3187157400156617
1290 0.37592364532019706
1291 0.2743203774432712
1293 0.36124260355029586
1295 0.40945674044265595
1296 0.43374777975133216
1297 0.32370095440084834
1298 0.3718026796589525
1300 0.37488486337120047
1301 0.39399806389157793
1302 0.3471708842763719
1303 0.34240044868199665
1304 0.32370095440084834
1305 0.3121963692150345
1306 0.44223107569721115
1307 0.3422085201793722
1308 0.37214263943919534
1309 0.39771986970684037
1310 0.34423456442063716
1313 0.406052544063851
1314 0.34068080357142855
1315 0.400327868852459
1316 0.3356239692138538
1317 0.4646118721461187
1318 0.3711246200607903
1319 0.35774978025197773
1320 0.40591755319148937
1321 0.4035029742233972
1322 0.3652408016751421
1323 0.3678818921361856
1325 0.4470889783961919
1326 0.4095940959409594
1328 0.4323654390934844
1329 0.4633776091081594
1330 0.42872191011235955
1331 0.2924550898203593
1332 0.36167061611374407
1333 0.3981089012063906
1334 0.4043046357615894
1335 0.3702243784111583
1336 0.32370095440084834
1337 0.39578606158833063
1338 0.3283140629201398
1339 0.4005905511811024
1340 0.34935622317596565
1341 0.3348875479978058
1342 0.3502581755593804
1343 0.32370095440084834
1344 0.3580645161290323
1345 0.427221833449965
1346 0.39399806389157793
1348 0.4031033344338065
1349 0.358695652173913
1350 0.3578546307151231
1351 0.44223107569721115
1352 0.4278206026629292
1353 0.32370095440084834
1354 0.29592825981580223
1355 0.3464812712826334
1356 0.37056145675265556
1357 0.42647572476423334
1359 0.3893494897959184
1360 0.43374777975133216
1361 0.34240044868199665
1362 0.4165813715455476
1364 0.39655732380643066
1365 0.34875749785775495
1366 0.35146804835924006
1367 0.3394495412844037
1368 0.33785279468732704
1369 0.3883587786259542
1371 0.400196656833825
1372 0.37872208436724564
1373 0.35764499121265375
1374 0.40484084880636606
1375 0.39463477698771815
1377 0.32370095440084834
1378 0.3074018126888218
1379 0.3287560581583199
1380 0.33442892358258014
1381 0.43747760659261914
1382 0.41446028513238287
1383 0.39022051773729627
1384 0.4278206026629292
1385 0.33324235807860264
1387 0.365787896944278
1388 0.36049601417183347
1389 0.3872502378686965
1390 0.38037383177570094
1391 0.32866756393001345
1392 0.443516164184526
1393 0.35319641307492045
1394 0.4475806451612903
1395 0.3789571694599628
1396 0.38096723868954757
1397 0.32673267326732675
1398 0.3
1399 0.390595009596929
1401 0.41347781916694887
1402 0.38786531130876745
1403 0.36049601417183347
1404 0.37350871826246557
1405 0.32673267326732675
1406 0.3932367149758454
1407 0.38786531130876745
1408 0.4195876288659794
1409 0.41858073363044224
1410 0.4150237933378654
1411 0.3897223108841366
1412 0.407543391188251
1413 0.3966861598440546
1414 0.4047066622472655
1415 0.3239586097107986
1416 0.3356239692138538
1417 0.3495562553678786
1418 0.38712745719720987
1419 0.3843248347497639
1420 0.401909150757077
1421 0.3756923076923077
1422 0.38688212927756654
1423 0.396042815439507
1425 0.4354493580599144
1426 0.3929835854522047
1427 0.4640820980615735
1428 0.32370095440084834
1429 0.41431964709874447
1430 0.43251859723698194
1431 0.39836867862969005
1432 0.3894736842105263
1433 0.3320641827576829
1434 0.35556202679091437
1435 0.40645805592543277
1436 0.3560804899387577
1437 0.48108747044917255
1438 0.3917228103946102
1439 0.44545786209412624
1440 0.3359009628610729
1441 0.44015861571737563
1442 0.3282258064516129
1444 0.4308398023994354
1445 0.3768518518518518
1446 0.39629990262901654
1447 0.3287560581583199
1448 0.29528415961305926
1449 0.3959143968871595
1450 0.3347039473684211
1451 0.37837000309885344
1454 0.31452859350850076
1455 0.3779015784586815
1456 0.3691051995163241
1457 0.36252969121140144
1458 0.3707865168539326
1459 0.4415913200723327
1460 0.38922537456168316
1461 0.46781609195402296
1463 0.44594594594594594
1467 0.32370095440084834
1468 0.3238726790450928
1469 0.347072200113701
1470 0.33935519733185104
1471 0.3974609375
1472 0.37907482148401117
1473 0.406187624750499
1474 0.32370095440084834
1475 0.39273078160180125
1476 0.38761904761904764
1477 0.3564963503649635
1478 0.44207096307023896
1479 0.46835443037974683
1481 0.31076609824382795
1482 0.4120823489706379
1484 0.3403958739894062
1485 0.32586068855084066
1486 0.3247340425531915
1487 0.3767355754396791
1488 0.2758075446126045
1489 0.3807296538821328
1490 0.2740740740740741
