1 0.00036602060374522563
2 0.0024409737225307526
5 5.953353230112232e-05
6 0.0
7 0.0
8 0.0003724827533331268
9 0.00011899247620705444
10 1.2677088989212762e-05
11 0.0
12 0.00011188107579399357
13 0.0011904891966805825
14 0.0011697906119571666
15 0.0017907569408000975
16 0.0010611801725630761
17 5.6386675590263805e-05
18 0.000313997902321985
19 0.00010127604696083004
20 3.256970557883259e-05
21 0.002950464484043299
22 0.0005068507554978495
23 0.006910594229964348
24 0.0019670526348380822
26 0.0
27 0.000663377680138257
28 9.163952256074464e-05
29 0.0024484233194526
30 0.0
31 0.0023236565118090824
32 6.34284318498155e-05
33 2.2438376601758704e-05
34 6.202426937640656e-05
35 0.0010041175633863527
36 0.00015004279345172183
37 5.1471420052613994e-08
38 0.0
39 0.00017737590384024168
40 0.005958927776645635
41 4.85419603556261e-05
42 3.545695152560778e-05
43 0.0002943749680704926
44 0.0
45 0.0016934059151300885
46 0.0021458919652032585
47 0.0
51 0.0
52 0.0
53 1.806842931421266e-05
55 0.03419353637453861
56 0.0004972340553402092
58 5.5059989816182985e-05
59 0.0
62 2.667263774836854e-05
64 0.00012208904615553626
65 0.0019452886282943895
66 6.936785787057985e-06
67 0.0
68 0.0009279207258219365
69 1.8590607786783238e-06
70 8.649576863529253e-05
72 0.0017869093513003624
73 1.2190728300782714e-05
75 0.003479427592146716
76 0.0016456979456609226
77 0.0
78 0.004054768268324908
79 6.6804811002529785e-06
80 0.00041397459855458676
81 0.002250703424756698
82 0.0032036011761957346
83 0.0
84 3.412315280624303e-05
85 0.008399525836174466
86 1.247196482763644e-05
87 6.036168404180415e-05
88 3.260679979068692e-05
89 0.003123166973800614
90 0.0003324463973818663
92 5.638091875567101e-05
93 3.052561832839772e-05
95 3.502631506956916e-06
96 0.0020326608772649594
97 6.116538261107122e-06
98 9.048210050467107e-05
99 0.002473196412505562
100 0.00010384605817984134
101 0.003952894926227868
102 0.0010883161272569883
103 1.1906729046604197e-05
104 0.0
105 6.713121467219828e-07
106 0.0
107 2.744866294641024e-07
109 0.0005163463815605269
110 0.0
113 0.00031165520385576347
114 0.00026241501318800483
115 0.004004075686648492
116 0.0
117 0.0033273892946476184
118 0.0017922263708027124
119 0.01333340798949068
121 0.00164464148467622
123 3.8827475886375844e-05
124 0.00197395316236165
125 2.387633339832602e-06
127 0.00020321869472073788
128 0.00017513629701079082
129 0.0
130 0.000637230481450765
132 0.0007426543182816773
133 1.78906814262125e-05
136 0.00017275217777803077
137 3.320348649585655e-05
138 0.0016403973285297384
140 0.0008137944252485295
141 3.66535129749059e-06
142 6.508991421164359e-05
143 2.2159097207064678e-07
144 0.0037254956000232105
145 0.0006572860316721726
147 8.296924833140566e-05
149 1.8030612778155026e-05
150 0.004374627141311664
151 0.0001385858322603646
152 1.750101167854241e-05
154 0.0014381806756628437
155 0.08835545022177371
156 0.002746269302530492
157 1.141276907179036e-05
158 0.0
159 0.00024655327718143026
160 0.0010971469073398005
162 0.0003356657121270464
163 1.0587020589614271e-05
165 0.0002356993181124625
166 0.0
167 0.0009653208140410466
168 0.00017657414047524757
170 0.015832592297675436
171 0.0
172 0.00837948355303923
173 0.0
175 1.0481544879440387e-07
177 0.002844000650241058
178 4.20872551086882e-06
179 0.0007916594459997499
180 0.005038962885976504
181 0.00023485311797254445
184 0.0
185 2.0531658636494035e-05
186 1.1370485675984098e-05
187 0.0005059295130966257
188 2.2316482721130552e-05
189 0.0038695916603068196
190 5.893289637666012e-05
191 0.004145627707543633
192 0.00011906288614042832
193 5.332990701709664e-05
194 2.1129294855547537e-05
198 0.0
200 1.2424087836293458e-06
201 0.0
202 0.001661150207367167
203 9.393102508241444e-07
204 0.001193829859015491
205 0.00013395720712876388
207 3.089356504993075e-06
208 0.0
209 0.00022504550449360772
210 0.004682507520192754
211 0.0004357500697244762
212 0.0
213 0.0016380016380016379
215 0.0
216 0.0
217 0.0025544557317681
218 0.0008150945339987827
219 0.0007160009174345417
220 0.00036591267666333986
222 5.9380638749207095e-06
223 0.0009396648338753013
224 0.0021577429307605847
225 0.0
227 0.00015447434344986345
229 0.00028715344508955056
230 0.0
233 0.0012190320919382317
235 0.0
237 2.678904279603868e-05
238 0.0032367907406762745
239 0.0
241 0.005244996360269563
243 1.096549874067994e-05
244 0.0003395505364688637
245 0.0001762969269396056
246 0.0
248 0.004638106664415483
249 0.0029652953586644304
250 2.8085162227258967e-06
252 0.0
253 0.0001743541702942613
255 0.0
256 0.0002106368619525628
257 0.00014273449804958797
259 0.0023994993719533434
262 8.76306283903353e-07
264 0.0011506712524367772
267 1.810482604422597e-05
268 1.7090135801502524e-05
269 0.0
272 0.0
273 0.00030666178567022876
274 4.1377027957823275e-06
275 3.62672961141605e-06
276 0.0034626031157618214
277 5.4687258466728895e-05
278 0.0045470699013346
279 0.0
280 9.779307326408908e-07
281 1.0008791478590568e-05
282 2.2018752115236022e-05
283 0.0022257156690021086
284 0.0
287 8.326191453881718e-05
288 0.0012984945110410913
289 0.0001271273438092244
290 3.825302254898845e-07
291 0.0
292 2.1587038160075696e-06
293 3.709724776484692e-05
295 0.00020508821672352308
296 0.0013871902324014468
297 0.004109359874166661
298 0.00013414289144942694
299 5.887016835135158e-05
300 1.8840909818533144e-05
301 0.004065020546793798
303 7.309933005204837e-06
305 1.9157413152716598e-05
307 0.0001704948041647907
308 0.0
309 0.0
310 4.430819740906211e-06
311 4.405828880987701e-06
312 0.0005097294183168391
313 3.1056478413172565e-05
314 4.404064420134279e-07
315 7.242144100569281e-05
316 0.00024562127732848896
317 0.0003206858850542798
318 3.4723484307060645e-07
321 2.2275255903320553e-05
323 0.014853558562207988
325 0.0
326 0.0001738196617205453
327 0.0
328 5.962263418983347e-06
329 2.4673159056770005e-06
331 0.00010241521759360236
332 0.0018116606245016469
333 0.00010339160697125317
335 0.00021847469042098215
337 1.9284225165055153e-05
338 0.0
340 0.0
341 3.7879456247136494e-05
344 3.9368484887717155e-06
345 0.00018798532835219008
347 0.0012348968586811504
349 0.00010984100530721277
350 0.000872183509341182
351 0.00011785993795993976
352 4.2033452463885304e-05
353 7.86944860989884e-08
354 0.0
355 0.0
356 3.412502971449258e-07
357 0.0034610067922371235
358 0.00019725133884939384
360 0.0
361 0.0016082508534050821
362 0.0
363 0.012325208380829485
364 0.0
365 0.0
367 4.5392557132617474e-05
368 2.7142242992629716e-05
370 4.4770233708718556e-05
371 0.0002440355404532387
373 1.9433211216738772e-07
374 0.00014243016378569906
377 0.005124542020624575
378 4.698997070384668e-05
379 1.756103381839792e-05
380 0.0
381 2.6286929915155565e-05
382 0.0
383 1.5227653183448315e-05
384 7.959123425780827e-07
385 7.959123425780827e-07
387 0.014400337972153296
388 3.019532316841915e-05
389 0.0008724675576370207
390 0.00038199684444645304
391 0.0002140412852290493
392 0.0
393 0.0005379117077463335
394 0.0014719935750697564
396 0.00040760889399918003
397 0.0
399 0.002908323294172779
400 0.0
401 1.4678418684009216e-05
402 0.0015613047035171364
403 0.0
404 0.0
405 0.0021282460868929116
406 7.373899935412532e-05
407 0.0
408 0.0
409 3.559965997320889e-05
410 0.00035791548652329153
411 0.0
414 7.192802701098532e-06
415 0.00018782762419604354
416 9.043678028337116e-06
417 0.000989383141349754
418 0.0018161072745173468
419 1.0198196619840992e-06
420 0.00012894578289430862
421 4.157670652630127e-06
422 0.00011675687456709992
424 0.0
426 0.0
427 0.0001727049627338238
428 0.00020009291326432015
429 3.5472634863999603e-06
431 0.001979599924850925
432 0.0006367735136538836
434 0.008990866302551906
436 0.0001000315568406501
437 0.0
438 0.0001409556229679793
439 1.8908332875629217e-05
440 0.0017159801523867922
441 0.0010414731031291168
442 9.322509807237325e-05
443 1.1868219288209272e-05
444 1.806714737358943e-05
445 0.0
446 0.00014663062737313255
448 0.0001991864129915895
449 0.0008760790695510691
450 0.0
451 3.1263398524117924e-06
452 0.00020232217167118064
453 0.0003623269484076957
454 0.027299964918585697
460 0.000680017480379499
461 0.0019472427215195146
462 0.0
465 0.00013683283798155826
466 5.162773249681155e-07
467 0.005896655322881403
468 0.0013219699673656744
469 0.0011099003141827922
470 2.0836808599577846e-07
471 3.115047836823439e-06
472 0.00032608142832433903
474 0.0
475 0.00028777176819537074
477 0.0038626854095642864
479 0.0005781546680173445
480 0.0015434190431346758
481 0.0018421057045273684
483 0.00945717597997145
484 0.0007678630158304293
487 0.0016380016380016385
488 1.1532874811314535e-05
489 0.0008570679903167093
490 0.0038001558514567965
491 0.0
492 0.0023761777266676893
493 0.007637681084908988
494 0.0
495 0.002308994879618454
496 1.957944813383126e-06
497 0.0
498 0.0002204536758270376
499 5.9457157593966255e-05
500 6.905668859596898e-05
501 0.0011890902283017766
502 0.0
503 0.0005697735703880962
504 0.00011135123306977551
505 0.0001554148598869953
506 0.0
507 0.0
508 0.0059043373966160525
509 0.0
511 0.001699084948622802
512 0.012920744359637588
513 5.1471420052613994e-08
514 0.007134129312603523
515 0.003341284017065892
516 0.0
517 4.3456862795336836e-05
518 3.5511724144892826e-05
519 0.0012439040448389124
521 4.900441736200621e-06
523 0.0
524 0.004587969765825032
525 4.878887678152967e-06
527 3.7831059895378586e-06
530 2.3507698705481046e-05
532 1.0800418855131951e-05
534 1.3327770942015796e-05
535 0.005223780645353821
536 8.243333951850981e-05
537 0.0
538 9.892351644481981e-05
539 0.005302473051335422
540 1.0103876702780191e-05
541 1.3715508534446134e-06
542 0.0
543 0.0
544 0.0018219167949092775
547 0.004626642137148024
548 0.00010617517882547822
549 2.7891250164005394e-05
550 6.277320429270878e-06
551 2.9685813149865787e-06
553 2.049487037274884e-05
554 5.978200528050845e-07
555 4.357517402379073e-06
556 0.0003164475544931099
559 0.002271737555530781
560 0.0003320236008908343
561 0.0010989344188686602
562 0.00012936724406357515
563 0.000581087706360036
564 0.006933769473051106
566 0.0008413021798515675
567 0.00036428538298890524
568 0.006964940224274726
570 0.0010724880320138828
572 0.000245902211345227
573 7.608970372475388e-05
574 0.0043766400698390506
575 0.0021042265210678254
577 0.00015859954322404817
578 3.0971968044906225e-07
579 0.0003762178103260975
580 4.2385261697842103e-07
583 0.0016607037916587463
584 8.851502450125348e-07
585 0.003954537882814508
587 0.0011725019335860048
588 0.0007408731200555291
589 0.002108347085238151
590 2.959920980394827e-06
591 0.001403695550545803
595 1.308698563030858e-06
596 0.0009305235274423592
597 0.00026404670029197863
598 8.850196114437452e-07
600 0.007131282451481289
601 7.937768367553462e-06
602 0.0005073480719044776
603 8.019440464105368e-06
604 0.003259677249818509
605 0.00012191211867976146
609 0.003938965603220129
610 0.0003928468744743463
612 0.0023517764040003756
613 7.752285455717052e-06
614 9.381311526339474e-05
615 0.0058801826360752275
616 0.0
617 2.4127639152766918e-05
618 0.0009481946577294045
619 1.4759407910307115e-05
620 0.00015420845789194728
621 6.494540056464307e-05
622 0.0016539348094866883
623 0.0009286147154037522
624 0.0
625 0.0
626 3.695293250156463e-05
628 0.0
631 0.00048304369452415054
632 0.0
634 0.0007148616531822928
635 5.876087509304744e-06
637 0.00020266301621383071
640 0.004058231332552943
641 0.04766945533811752
642 0.012135590237001968
643 6.954117717486301e-06
644 0.0048679764037304046
645 0.00012212406298046187
646 6.547349412379436e-07
647 0.0009674831017088167
648 8.913963830789912e-06
649 0.00019905932127157498
650 0.0010796929248076826
651 0.0
652 9.66161279147425e-06
653 5.090041932944356e-07
654 0.0
655 0.0
657 5.164678176703111e-05
659 0.00883475126740129
660 0.0001412262281216247
661 2.0000992219950494e-05
662 0.00019137573314183118
664 0.0032913141098457866
667 1.613893597525546e-05
668 7.879685566254914e-05
669 0.00391803112649288
670 0.0
671 0.00015853982204942476
674 0.0
675 0.0044021175690802375
676 0.003537844951219246
677 0.0006912901304130219
679 2.0007962124544155e-05
680 0.0
681 2.9413178129221735e-05
682 0.0
683 1.6933662296914484e-05
684 3.221644388019914e-05
685 3.309024958508101e-05
686 1.996771740432381e-06
687 0.005467755432948801
688 0.0008759645752737332
689 0.0
690 0.0
691 8.431002078359877e-05
693 0.000514761588965191
694 3.239892180059931e-05
696 0.0
699 0.0012274713810022252
700 0.0
701 0.0
702 4.821935864538611e-05
703 6.489496281679396e-05
704 0.0
705 0.0
708 1.7479549400192868e-06
709 4.180696708715973e-05
711 0.0003115652074402685
712 0.0005173952414454443
713 3.7225750671362732e-06
714 0.0001328537282121758
715 5.111329599228502e-07
716 0.0
717 0.0
718 5.73246290523021e-07
720 0.0
721 0.0001226787745873948
722 2.2845586305026346e-06
725 3.4369079553905946e-05
726 0.0009653528116793641
727 0.0010753901314018328
729 0.02774396867947707
730 0.0001541835999109992
731 7.67291085763636e-05
732 8.407308938986119e-06
735 0.0001664123576212676
736 5.07732518447588e-05
737 0.00907736171045771
738 0.0
739 8.984224368834447e-05
740 0.0
741 0.018487145286157945
743 0.000144124665772276
744 3.233450032255095e-06
745 3.443897274071201e-05
747 0.0012986928409629143
749 0.00044079185179516267
754 0.006216613897959749
755 0.00027955679531400316
756 0.0077808287456933994
757 0.0
758 0.0
760 6.002636650036766e-06
761 3.2727207781793162e-06
762 0.003240459215021877
763 3.85803112904968e-05
764 0.0015687086290060686
765 0.004005957893015192
766 4.598182808149767e-05
767 0.000939009301207658
768 0.00010601202214565227
771 0.0
772 0.0002620713769414399
773 0.0037611143533858526
774 0.003275238905855164
775 0.004975617113324573
776 0.0
777 0.001107239495710094
778 0.0009539664506320394
779 0.0004543282652936339
780 0.0
781 0.004843763587557653
782 0.0019538964376462835
784 1.3310108158125242e-05
786 0.00019545621150254128
787 0.0003565412528096558
788 0.0003248574283328331
790 1.7070206165769736e-06
791 2.464700994789762e-05
792 0.00028573430802112477
793 0.006843051718131421
794 0.0
796 2.7587618661206247e-05
797 6.462800337999816e-05
798 0.015349818987617073
799 0.0
800 0.0
801 0.00012433418465771878
802 0.002157645224326529
803 0.00020558351080798045
804 1.0592261943361502e-06
805 0.0009497906861044184
806 0.0003745026758423818
807 0.0005567407577146591
808 0.0001879314575691157
809 6.935227807886835e-05
810 0.001957817966982038
811 4.887164420018694e-05
812 0.0
813 0.00020610625502822562
814 0.0003510221686132345
815 0.00015914492422116955
816 0.000555070423325214
817 0.0007548054759296451
818 0.008970508546481204
819 1.4421976727731013e-06
820 0.0016380016380016379
821 0.0
822 0.000496131269014029
823 8.381605985700081e-05
824 0.0005962556175126395
825 0.0
826 0.002164437337024696
827 0.0
828 7.57324932434121e-05
829 0.0005183811547003814
830 0.00027193468177423276
831 1.4378162007905753e-05
833 7.483589459776163e-06
834 0.0
835 0.0026587046549015688
836 4.435127233775442e-05
837 0.0007105741466084233
838 0.0007215888359073525
839 0.00011846647260915376
840 3.1010191054973996e-06
841 4.916495132271544e-06
842 6.567603079238752e-05
843 0.0003306191355004947
846 0.0
847 4.7287226856970156e-05
848 0.0
849 1.6621514568263542e-06
850 1.718476379377375e-05
851 0.0024734239877312863
852 0.0006041181368877012
854 0.003038532594678093
855 0.09800883597157671
856 0.010460332678605104
857 0.0001428625767014236
858 1.4887324936092541e-06
859 4.704930158997338e-06
860 0.00029170756518367475
861 1.5509347982119323e-05
862 0.0003023413977531048
863 0.0
864 4.897664883625919e-06
865 0.0004021643951645714
868 0.0
869 1.415505829067877e-05
870 3.2327868553641536e-05
871 5.389277698607574e-06
872 0.00017234818533120604
873 4.3833983401400275e-05
874 0.0001650294074564263
875 1.330266814549707e-05
876 5.923240334507132e-06
878 0.006782238560391096
879 0.0008421869308560047
880 0.010337327256713057
881 3.71442057542174e-05
882 0.0004181576786176798
883 0.00022842524565517682
884 0.0
885 0.0022620410927833615
886 0.001378762628699239
887 4.9184227223417764e-05
888 7.198218822659956e-08
889 1.6436495309112924e-06
890 0.0
891 0.00017507366222860383
892 0.005021937308273342
893 0.00032907967083906136
894 1.0245891576192251e-05
895 0.0006518030364129955
896 0.0001497446817885044
897 0.00028313341034430614
898 6.716307510161441e-05
899 6.666438613997322e-05
900 0.00279170577171158
901 0.00016208997950389368
903 1.2257848704304208e-06
904 0.00013866907882858302
907 0.0011933414281779281
908 0.00081457173035318
909 0.00041155130294639965
910 0.0
911 0.00010806052364430768
912 0.0
913 0.00011282475211960367
914 2.4820229522011673e-05
915 1.9440918126030465e-06
916 6.885193365959463e-05
918 4.29262344720912e-05
919 0.0031275362622102134
920 3.0050244955977826e-05
921 0.00034459277194146
922 0.00035318153082349344
925 3.592975469886309e-05
926 9.519036279218002e-07
927 0.002323224523736919
929 2.2608511584128996e-06
930 0.00019267261142073602
931 0.0
932 0.0007613928052726278
933 0.00016798356746296517
934 0.001362706858403408
935 0.00834156408545583
936 0.002162485884924644
937 4.4163015696043746e-05
938 0.0001020792034154557
939 0.0
940 0.00017581811129181298
941 0.002776660561409795
942 5.577785086179817e-05
943 0.0014157914679034666
944 0.0013958462168253414
945 0.0
946 0.00014185525596812306
947 0.00011245545084981407
949 0.00029391785895941134
950 0.00030993057403277214
951 4.982538402379608e-06
952 0.0004571331525360328
953 0.0012885046644455908
954 1.1804814609692175e-06
955 1.072353674184348e-05
956 0.005081535946924606
958 1.9008036634166453e-05
959 6.982744392534431e-05
960 0.0
961 0.0007607598758002171
962 8.90010673882716e-06
963 0.06824728427807385
964 7.870679550809791e-05
965 3.7000418647774425e-05
966 0.0018812034741272402
967 0.0005350752381877479
968 0.0010500848780095687
970 1.581586849623045e-05
971 0.0015492240667322652
972 0.003503876549230876
973 0.0006482764963054482
974 0.0007036250735530528
975 8.599755805093411e-05
977 0.00017151247609558317
978 3.646523009792195e-07
979 0.028140975470049717
980 0.0066520707916927395
981 0.002598979627256486
982 0.0004608310613936135
983 0.0
984 2.294788974039313e-06
987 0.0
988 0.0001218871897978233
989 5.465172351983556e-05
990 0.009127259097949285
991 8.530298484658325e-06
992 3.762710885192206e-05
993 0.0009746107282046477
994 5.125475035797258e-05
995 0.00017464842199766824
996 0.015472573120613311
998 9.042232939482818e-05
1000 0.008867822931712092
1001 0.00028856233020797096
1003 0.00020036967350229462
1004 0.00036439634248317427
1005 2.0772290029111362e-07
1006 0.0
1007 0.00034857580662053285
1008 0.002251984478713786
1009 0.0003229435921611181
1010 0.0005101260000426822
1013 0.00017234285959723998
1014 0.0
1015 0.00023685476066467694
1017 0.0
1018 0.0
1019 2.173243238640549e-07
1020 2.8414458974197206e-05
1021 0.005055721048098421
1023 0.0
1024 7.770188579888264e-05
1025 1.4608577087571085e-06
1026 4.377934697840713e-05
1028 0.0005078978578483801
1029 0.0
1030 0.0
1031 0.000500463683601493
1034 9.238868969167627e-06
1036 0.0002465909575576777
1037 0.0024202331362689106
1038 0.0001309068878157478
1040 8.608322125624394e-05
1041 0.014466856109282267
1042 0.0
1044 0.00010715947596651622
1045 0.003405557928541363
1046 0.0
1047 0.0016737446219110246
1048 0.002079627058605665
1049 0.0004136682153363365
1051 0.049596072108990065
1052 0.0010140932291634306
1053 0.00031962510263369086
1054 0.0024361797657025293
1055 0.007545063305788286
1057 0.000874139780917219
1058 0.0007945366402748754
1060 6.2785538102836775e-06
1061 0.00031069097230401987
1062 4.3064181413543286e-05
1063 0.0020393947386659348
1064 0.0
1065 0.0010717889081927083
1067 0.0016275396063841559
1068 3.037878548158983e-06
1069 0.0007295870989569302
1070 0.00046161034690214757
1071 3.501945487294375e-05
1072 3.76683001709941e-05
1074 9.436277464063536e-06
1075 2.470480897979064e-05
1076 0.00018504531342928275
1077 4.872513883458992e-06
1078 6.430162469624129e-06
1079 0.0
1080 3.999183216839021e-05
1081 0.002598116679952681
1082 0.00042584797301072416
1083 1.9712583989236452e-05
1084 2.3844455124321993e-06
1085 0.0006378063173112216
1086 0.001385572978109378
1087 0.0
1088 0.00015294848875537602
1089 0.0
1090 0.0
1091 0.00023465446585127267
1092 0.00017495726685038266
1093 4.7428400497369617e-05
1095 0.0021144958974349377
1096 0.0002950521503728575
1097 0.0
1099 0.0
1100 1.948226702442663e-07
1101 0.017759297642504307
1102 2.573820518368037e-06
1103 0.0007355983317307548
1104 0.0015258838770756892
1105 6.856645142832812e-05
1106 0.00018701848565244413
1108 0.003411325649204678
1109 0.00014310801612555906
1112 0.024183656558338047
1113 0.0002419101287068808
1114 2.253798126840095e-05
1115 0.00014841780794535266
1116 5.922856963817486e-06
1117 0.0020653287925459277
1119 0.0
1121 0.0009598217207906601
1122 0.00037507622721119627
1123 0.0001060064218749756
1124 9.233392055782793e-06
1125 0.0012861309219367213
1126 0.0004709878490889526
1127 2.016487874318148e-05
1128 4.161399985938308e-05
1129 0.0
1130 0.00019220806105388143
1131 0.0035820622935644267
1133 0.0002685300014125036
1134 0.00029756258430237403
1135 0.0035531677024267126
1136 1.1745819169975943e-07
1139 9.233931117350143e-05
1140 0.00011426471670570179
1141 9.714096878333533e-05
1144 6.355134658540904e-05
1145 0.0
1146 7.281617449525207e-05
1148 0.002192487728132689
1149 3.57788071584057e-06
1150 0.0012000197276864457
1152 0.0019279197184015778
1153 0.027795027550421427
1154 0.0001977608114968704
1155 1.4799437439971097e-05
1156 1.513787713013728e-05
1157 0.0
1158 7.84839041380231e-06
1159 0.002268433991972634
1160 0.0
1161 0.0003028889390023801
1162 0.0017019951848002083
1163 0.001190741681658729
1164 0.003282678696405092
1165 5.383636575181538e-06
1166 0.00029308625362219434
1167 4.2707121052678104e-05
1168 7.75931678315632e-05
1169 0.0
1170 0.0
1171 2.4283597384469106e-05
1172 0.002533430871152346
1175 1.279226482552385e-06
1176 8.078124067502224e-05
1177 0.002529272223371949
1178 0.0
1179 0.012822672750174437
1180 2.1919626470604306e-05
1182 0.0
1183 0.00490594916824425
1184 6.290105220129901e-07
1185 0.002325291388742885
1186 0.00016803151165401597
1187 0.0013316034816363465
1188 2.563083913615801e-07
1189 0.0
1190 0.0
1191 0.003641697411870521
1192 0.0008774166990627488
1193 0.001659796682002793
1194 0.00010056650515837463
1195 0.00034875869321055033
1196 8.415448444382016e-07
1197 4.397167557057854e-05
1198 0.0
1199 3.260795920560615e-06
1200 0.002051081097482949
1201 2.6763690303459615e-05
1202 0.0009445123554302642
1203 1.8956958445978066e-05
1204 7.010838877275946e-07
1205 0.00032495495670814204
1206 9.470135290167455e-07
1207 5.4569566196442885e-05
1208 0.0
1209 0.005032997448531593
1210 0.00015733181562388273
1211 0.00013262598543047231
1212 0.00023132968627209637
1213 3.938175687106722e-06
1214 0.0012367522044309334
1215 0.003671929697705657
1216 0.00029410035584783725
1217 0.0004287216292143833
1218 0.00011017560230310697
1219 1.2883076243415134e-05
1220 0.00035179784449162473
1221 0.00036535593099305575
1222 0.0005541923851508557
1223 0.002142841703147441
1224 1.8949600334648113e-06
1225 0.0
1226 7.398607691849366e-05
1227 0.000428768801038853
1229 1.2577684890065253e-05
1231 0.004655966197813779
1232 0.0028109400345861656
1233 0.0
1234 6.099160469498453e-05
1236 0.0012246685470673388
1237 6.68421602326811e-05
1238 6.946453968022416e-05
1239 4.702394575174251e-05
1240 3.815362960019061e-06
1242 0.0
1244 0.0004055705804841187
1245 0.023733835134166322
1246 0.0028120117614552865
1247 0.0
1249 2.4250607795508286e-05
1250 0.0010732759914750623
1251 0.0004813012348632534
1252 0.0002581826200107463
1253 6.782934602302812e-05
1254 0.0002488770545428256
1255 0.0002858714992486612
1256 0.00019623256883254876
1257 4.881598671854021e-05
1258 1.2379196972969862e-05
1259 0.0
1260 0.0016380016380016379
1261 5.757210754988619e-07
1262 1.8653915288887473e-05
1263 1.715895846063388e-06
1264 1.6481175007728927e-05
1265 0.0
1266 2.0267528150171683e-05
1267 7.662451775715561e-07
1268 7.981484366726346e-06
1269 0.00013751348811071634
1270 0.01408238831718962
1271 0.00013899211073357576
1273 2.8461022149896695e-07
1274 5.303066624925445e-05
1275 0.0003372825404291612
1276 0.0001656818144861959
1277 0.0024193328145584014
1278 4.375274450862743e-05
1279 3.084441315422188e-05
1280 4.518954094530125e-05
1281 0.0
1282 0.00013244742648276555
1286 0.000744422846633069
1287 0.00013414775708237773
1288 8.983508486898381e-05
1289 0.0
1290 4.078694311137521e-05
1291 0.0
1293 0.00027984548466563854
1295 0.00024239216937926983
1296 0.0008218572306624786
1297 0.0
1298 7.238709596287348e-05
1300 1.957925926871803e-05
1301 0.00014040667781801898
1302 8.483697502443015e-06
1303 7.109804880850451e-06
1304 0.0
1305 8.736525370088126e-06
1306 0.005923877424462839
1307 9.75634859182922e-06
1308 0.0001531565534186682
1309 0.0008230880625789621
1310 0.00042247940717345773
1313 0.0002389052305944653
1314 1.3555417535194077e-06
1315 6.277571451250531e-05
1316 2.589498319828487e-06
1317 0.004548952395698566
1318 7.302851008360813e-05
1319 9.990204659990005e-07
1320 0.0021562543500717878
1321 0.002791561025617243
1322 1.0523124958804015e-05
1323 3.0781609323947794e-06
1325 0.0020407879293857793
1326 7.531010694038421e-05
1328 0.0033490840517017384
1329 0.0036932315499735528
1330 0.005283051932085311
1331 0.0
1332 2.76241542166562e-05
1333 0.00011073016020981
1334 0.0002213210433442746
1335 1.2244863603472046e-05
1336 0.0
1337 0.00029930106521608744
1338 1.607141498073724e-05
1339 0.00011608552316266801
1340 2.6505855481689185e-06
1341 6.430162469624129e-06
1342 6.018110097952681e-06
1343 0.0
1344 9.243637229488746e-06
1345 0.00027182434794447276
1346 0.0003378499107809671
1348 0.0003818832987926918
1349 3.091770502944807e-06
1350 4.28173281955053e-06
1351 0.0010404594287537498
1352 0.0005584836159755183
1353 0.0
1354 6.0809119283725225e-05
1355 1.4644266985474897e-07
1356 7.031738708275644e-05
1357 0.001818605887734374
1359 5.332446936941999e-05
1360 0.0022284581913471786
1361 1.2966135940059328e-05
1362 0.0005500988074101711
1364 0.0010879427220213613
1365 3.181413963348825e-06
1366 2.52256304486422e-05
1367 1.0133691677615946e-06
1368 4.711333117916723e-05
1369 9.792739922716175e-05
1371 0.00011192995200955722
1372 7.464092256734521e-05
1373 7.452550968030346e-06
1374 0.0008556592486104628
1375 0.0021722997503711757
1377 0.0
1378 1.8741203292882527e-05
1379 4.200312477094248e-06
1380 3.5590943578164465e-05
1381 0.00108934166684661
1382 0.00014342385157573012
1383 2.9447563744450882e-05
1384 0.003539000153909931
1385 0.0
1387 2.623460939960202e-05
1388 8.262536257812212e-06
1389 0.00019074428797790117
1390 0.000226600464021416
1391 0.0
1392 0.0006089083098318492
1393 0.0
1394 0.0010067328341190282
1395 1.639999789230787e-05
1396 5.2958080533124735e-05
1397 0.0
1398 0.0
1399 0.00023685212122030524
1401 0.0003336708627573399
1402 0.0019028400869209893
1403 0.00023207898178683725
1404 4.069759224820742e-05
1405 0.0
1406 0.0001515939975201455
1407 8.246302009700507e-05
1408 0.005157283813544705
1409 0.0003081909143110534
1410 0.001831657920574638
1411 0.0007992706970022227
1412 0.0003525556500775082
1413 0.0003125064215295293
1414 0.00029619317164438955
1415 0.0
1416 0.0
1417 1.1253044574942952e-05
1418 0.00015295249495955425
1419 6.591530315420968e-05
1420 0.00017562490418748504
1421 0.00038440024803945846
1422 0.0001232429959105574
1423 0.00021762576282036245
1425 0.001273309030778613
1426 0.00010747416893857712
1427 0.004343245610669717
1428 0.0
1429 0.0009033861336710015
1430 0.001313541135639421
1431 8.10065771803484e-05
1432 0.00030463812812000205
1433 3.918150297529436e-06
1434 3.8101534565240314e-06
1435 0.00039039572363207606
1436 3.180857534193499e-05
1437 0.042235191776918875
1438 0.00019965493470827382
1439 0.0011695771826038621
1440 4.299988381625517e-06
1441 0.0012268782159322689
1442 1.1747914315667899e-06
1444 0.0007239924188400592
1445 0.0003120345102841348
1446 0.0001360971795132004
1447 4.6737451015699045e-07
1448 0.0
1449 4.8218025250012684e-05
1450 8.993632994452797e-07
1451 3.947707489213963e-05
1454 2.4848849469944425e-07
1455 0.0027873058882305424
1456 0.000251214396116114
1457 1.836288463650341e-05
1458 2.1589567548069254e-05
1459 0.001136237474710284
1460 5.7852484865135923e-05
1461 0.006055464465511109
1463 0.005370169466916847
1467 0.0
1468 1.4878728702619551e-06
1469 0.0
1470 0.0
1471 4.353256762506764e-05
1472 1.6717460713603206e-05
1473 0.0006385574506359342
1474 0.0
1475 5.819646031532126e-05
1476 5.585124714688039e-05
1477 6.867578599335698e-05
1478 0.004359340748075986
1479 0.019788136719728698
1481 0.0
1482 0.0003538543651443392
1484 7.505932187136122e-07
1485 0.0
1486 4.341738934911708e-06
1487 0.0001986759880955398
1488 0.0
1489 0.001866645801479112
1490 0.0
