1 0.549283 0.454518
2 0.604843 0.458633
5 0.580216 0.179181
6 0.613004 0.733742
7 0.881706 0.470567
8 0.631394 0.442526
9 0.567238 0.304851
10 0.60979 0.332598
11 0.438829 0.0390807
12 0.689114 0.578694
13 0.55896 0.414797
14 0.527594 0.378494
15 0.604108 0.445544
16 0.555728 0.422333
17 0.584771 0.653872
18 0.573978 0.436611
19 0.713338 0.247837
20 0.620783 0.340642
21 0.584802 0.353731
22 0.550517 0.351345
23 0.595408 0.406792
24 0.593596 0.434408
26 0.847136 0.41471
27 0.606205 0.375975
28 0.539616 0.496413
29 0.642305 0.436856
30 0.733201 0.791958
31 0.542769 0.389455
32 0.57779 0.297133
33 0.471278 0.606496
34 0.511756 0.541881
35 0.584391 0.365733
36 0.644464 0.346268
37 0.803411 0.457374
38 0.682447 0.600198
39 0.623128 0.465381
40 0.579621 0.433077
41 0.716708 0.466968
42 0.545604 0.480499
43 0.661514 0.279608
44 0.748077 0.675315
45 0.727367 0.523244
46 0.562669 0.441744
47 0.737745 0.28129
51 0.867006 0.350362
52 0.730634 0.658607
53 0.654755 0.52831
55 0.578684 0.394998
56 0.595545 0.401084
58 0.572329 0.261692
59 0.770786 0.662988
62 0.857583 0.543446
64 0.485686 0.478307
65 0.661694 0.409135
66 0.857303 0.561098
67 0.607544 0.65777
68 0.539094 0.424084
69 0.794182 0.35355
70 0.583759 0.482973
72 0.581811 0.403331
73 0.64379 0.338964
75 0.583357 0.425839
76 0.459896 0.595492
77 0.783956 0.413533
78 0.542767 0.527959
79 0.610839 0.512376
80 0.439047 0.471904
81 0.611105 0.18578
82 0.572546 0.476114
83 0.578623 0.698388
84 0.563357 0.285943
85 0.626773 0.476916
86 0.753681 0.566977
87 0.529373 0.502011
88 0.633467 0.251279
89 0.57014 0.368021
90 0.609139 0.408674
92 0.654298 0.251261
93 0.494693 0.499292
95 0.718242 0.438543
96 0.596891 0.563813
97 0.663139 0.488022
98 0.665968 0.540647
99 0.591108 0.407861
100 0.606277 0.374293
101 0.594039 0.379328
102 0.575441 0.447719
103 0.555068 0.576897
104 0.888526 0.496756
105 0.907637 0.379561
106 0.898546 0.356116
107 0.709238 0.531504
109 0.617845 0.414533
110 0.760916 0.296596
113 0.55978 0.339744
114 0.602491 0.451262
115 0.560101 0.425744
116 0.857908 0.584783
117 0.583619 0.333028
118 0.601425 0.408616
119 0.476033 0.373782
121 0.576319 0.538621
123 0.594337 0.52658
124 0.645442 0.42954
125 0.69698 0.399477
127 0.580684 0.550949
128 0.508278 0.587409
129 0.547533 0.77303
130 0.572351 0.351269
132 0.546474 0.337738
133 0.755817 0.202205
136 0.462993 0.430177
137 0.628485 0.380147
138 0.626764 0.503012
140 0.610657 0.452406
141 0.768472 0.542134
142 0.58223 0.302299
143 0.712577 0.41072
144 0.600523 0.390982
145 0.598449 0.434101
147 0.652545 0.51604
149 0.67387 0.352379
150 0.546131 0.377736
151 0.515422 0.410813
152 0.800934 0.202671
154 0.59516 0.37994
155 0.582533 0.404382
156 0.574344 0.452351
157 0.661207 0.47685
158 0.79881 0.165549
159 0.590675 0.457323
160 0.549645 0.480645
162 0.643083 0.372755
163 0.732477 0.3696
165 0.632011 0.431202
166 0.808573 0.258061
167 0.574299 0.361831
168 0.665243 0.42839
170 0.532335 0.37189
171 0.692158 0.80816
172 0.613532 0.433934
173 0.0 0.108301
175 0.719271 0.265067
177 0.571081 0.478881
178 0.65222 0.301369
179 0.607034 0.313963
180 0.576525 0.397275
181 0.572134 0.448901
184 0.609547 0.0751044
185 0.599874 0.287832
186 0.663685 0.439436
187 0.55981 0.391996
188 0.707339 0.463752
189 0.585277 0.392453
190 0.523763 0.459668
191 0.605777 0.396079
192 0.62428 0.472101
193 0.719466 0.625977
194 0.704564 0.486872
198 0.592148 0.672234
200 0.739091 0.495836
201 0.84751 0.512499
202 0.583321 0.402787
203 0.349465 0.113721
204 0.534608 0.434794
205 0.587467 0.445498
207 0.675566 0.402446
208 0.773884 0.0590516
209 0.607901 0.397604
210 0.594707 0.418787
211 0.552086 0.317712
212 0.639024 0.789514
213 0.104741 0.166332
215 0.38745 0.733565
216 0.126735 0.241467
217 0.588412 0.493292
218 0.570645 0.372962
219 0.600492 0.378918
220 0.649222 0.462181
222 0.725706 0.578809
223 0.544596 0.37016
224 0.584178 0.452121
225 0.547635 0.0454121
227 0.669074 0.369355
229 0.585384 0.456872
230 0.246013 0.0832501
233 0.632251 0.405575
235 0.891333 0.424746
237 0.779008 0.166177
238 0.563401 0.452945
239 0.581332 0.603089
241 0.591488 0.390197
243 0.668065 0.42282
244 0.802504 0.380647
245 0.554666 0.558873
246 0.784564 0.563312
248 0.661381 0.442816
249 0.485431 0.416769
250 0.679008 0.29726
252 0.853294 0.459314
253 0.532592 0.343523
255 0.873407 0.361021
256 0.600288 0.43312
257 0.608796 0.432723
259 0.613949 0.429604
262 0.704696 0.312804
264 0.596404 0.465968
267 0.596479 0.263683
268 0.629416 0.460655
269 0.566644 0.750474
272 0.561779 0.708236
273 0.683388 0.429176
274 0.756478 0.444099
275 0.692643 0.489713
276 0.453223 0.314706
277 0.66734 0.513456
278 0.541698 0.421595
279 0.739032 0.473312
280 0.562739 0.629242
281 0.658765 0.368747
282 0.646346 0.395363
283 0.699602 0.383992
284 0.560296 0.0488987
287 0.736625 0.517995
288 0.582492 0.418363
289 0.641176 0.452506
290 0.680239 0.340574
291 0.881058 0.484188
292 0.696917 0.540479
293 0.64974 0.309456
295 0.565749 0.319628
296 0.496362 0.373925
297 0.566159 0.379651
298 0.517903 0.485159
299 0.571696 0.496552
300 0.67565 0.39003
301 0.569437 0.38433
303 0.635046 0.326833
305 0.695066 0.455428
307 0.529535 0.468865
308 0.514174 0.65904
309 0.726166 0.336794
310 0.724051 0.505435
311 0.698526 0.382977
312 0.471997 0.328856
313 0.675589 0.450647
314 0.536899 0.621059
315 0.572903 0.32
316 0.597131 0.446867
317 0.59264 0.435501
318 0.666064 0.57094
321 0.644885 0.624632
323 0.561658 0.412116
325 0.203018 0.0389623
326 0.620292 0.380013
327 0.38711 0.612638
328 0.682688 0.321915
329 0.732753 0.378459
331 0.71393 0.430068
332 0.49599 0.421366
333 0.621908 0.551849
335 0.598492 0.330692
337 0.721518 0.424532
338 0.898748 0.325737
340 0.82764 0.398678
341 0.64112 0.491891
344 0.597563 0.485377
345 0.470827 0.463843
347 0.546598 0.398143
349 0.486515 0.447748
350 0.630146 0.459966
351 0.604217 0.470242
352 0.542354 0.24432
353 0.692054 0.545249
354 0.882558 0.448992
355 0.714528 0.569936
356 0.714599 0.545684
357 0.590279 0.226812
358 0.792962 0.501972
360 0.68086 0.625519
361 0.540168 0.467165
362 0.77359 0.364984
363 0.616408 0.402454
364 0.889158 0.449708
365 0.681411 0.266672
367 0.632903 0.545297
368 0.602288 0.56783
370 0.480518 0.507577
371 0.648034 0.406792
373 0.753691 0.258297
374 0.627074 0.39389
377 0.562507 0.458215
378 0.644332 0.376692
379 0.617535 0.523696
380 0.723524 0.823316
381 0.55211 0.510571
382 0.704332 0.164453
383 0.649517 0.362382
384 0.737633 0.398301
385 0.732949 0.401782
387 0.553735 0.39922
388 0.6863 0.211093
389 0.597075 0.389527
390 0.521682 0.325324
391 0.647099 0.421218
392 0.958605 0.297785
393 0.526757 0.444452
394 0.544875 0.376013
396 0.615123 0.380397
397 0.595655 0.773917
399 0.586565 0.4359
400 1.0 0.514919
401 0.489137 0.558555
402 0.573656 0.456181
403 0.734435 0.174431
404 0.774238 0.579043
405 0.557875 0.391563
406 0.488023 0.323818
407 0.745505 0.783964
408 0.707442 0.80429
409 0.665655 0.423385
410 0.613198 0.42527
411 0.83059 0.276406
414 0.621628 0.194359
415 0.51717 0.499931
416 0.688793 0.3692
417 0.586154 0.381101
418 0.596666 0.334073
419 0.65434 0.266908
420 0.686791 0.551335
421 0.594321 0.533797
422 0.553601 0.487625
424 0.636072 0.709391
426 0.651703 0.698409
427 0.630951 0.515509
428 0.68373 0.339545
429 0.763364 0.524453
431 0.581582 0.392999
432 0.571067 0.445264
434 0.591965 0.412794
436 0.62875 0.360944
437 0.807454 0.470511
438 0.516711 0.349898
439 0.757563 0.404407
440 0.465663 0.509091
441 0.594258 0.425575
442 0.487777 0.313472
443 0.654697 0.444528
444 0.634385 0.357395
445 0.804863 0.274624
446 0.622697 0.424772
448 0.692692 0.463539
449 0.561699 0.438433
450 0.865917 0.523765
451 0.659388 0.381548
452 0.518417 0.496515
453 0.591706 0.443582
454 0.631326 0.423288
460 0.57553 0.392611
461 0.598034 0.363625
462 0.800701 0.644604
465 0.5899 0.435646
466 0.706374 0.464423
467 0.562588 0.377096
468 0.548912 0.398897
469 0.548335 0.379849
470 0.705933 0.287448
471 0.778038 0.377078
472 0.554918 0.414501
474 0.58176 0.055326
475 0.561284 0.492738
477 0.524361 0.35329
479 0.526124 0.391027
480 0.546269 0.415014
481 0.658321 0.398768
483 0.553939 0.387322
484 0.573584 0.445863
487 0.871596 0.5002
488 0.620693 0.626531
489 0.591026 0.40433
490 0.482554 0.362066
491 0.785281 0.486248
492 0.599146 0.425836
493 0.56895 0.400428
494 0.714673 0.333479
495 0.600567 0.413177
496 0.773278 0.505098
497 0.864279 0.528895
498 0.562045 0.470876
499 0.526425 0.288125
500 0.481331 0.261434
501 0.586746 0.34058
502 0.789277 0.218677
503 0.605657 0.494341
504 0.52971 0.528329
505 0.504164 0.475881
506 0.551032 0.655634
507 0.461556 0.548489
508 0.602059 0.4831
509 0.570976 0.0533706
511 0.742577 0.355424
512 0.579683 0.426296
513 0.806064 0.443141
514 0.547658 0.394543
515 0.473829 0.40392
516 0.788681 0.656687
517 0.608644 0.486878
518 0.494064 0.20002
519 0.531708 0.397796
521 0.742921 0.446381
523 0.160866 0.0556623
524 0.56494 0.414574
525 0.670477 0.470519
527 0.633188 0.277829
530 0.510499 0.563673
532 0.657764 0.424393
534 0.759456 0.610479
535 0.561865 0.403944
536 0.623509 0.377527
537 0.764831 0.329979
538 0.491472 0.457884
539 0.458606 0.348459
540 0.49502 0.634265
541 0.688481 0.508195
542 0.851142 0.405437
543 0.903713 0.34939
544 0.625742 0.402541
547 0.553677 0.4038
548 0.725072 0.273894
549 0.587634 0.530596
550 0.646311 0.486024
551 0.690282 0.334418
553 0.660286 0.548248
554 0.642792 0.641849
555 0.556674 0.56163
556 0.600607 0.44318
559 0.54127 0.355429
560 0.568438 0.363648
561 0.579141 0.377944
562 0.554834 0.326165
563 0.58084 0.399866
564 0.635634 0.406945
566 0.558062 0.414681
567 0.534366 0.443368
568 0.627564 0.445537
570 0.595082 0.391857
572 0.608859 0.47068
573 0.629282 0.391824
574 0.589182 0.415612
575 0.584587 0.381686
577 0.616785 0.395131
578 0.716458 0.363137
579 0.583494 0.405758
580 0.647276 0.538586
583 0.554954 0.51487
584 0.713131 0.505923
585 0.622965 0.387284
587 0.582875 0.332271
588 0.478487 0.429687
589 0.63175 0.388568
590 0.593488 0.496566
591 0.568436 0.430446
595 0.74801 0.292975
596 0.61087 0.388359
597 0.51497 0.520114
598 0.673244 0.305491
600 0.437011 0.46647
601 0.441455 0.615623
602 0.490692 0.394139
603 0.627532 0.327612
604 0.614131 0.424699
605 0.549497 0.491076
609 0.611831 0.438355
610 0.508758 0.388344
612 0.617237 0.398824
613 0.641564 0.575167
614 0.634904 0.271528
615 0.528144 0.39578
616 0.833455 0.554077
617 0.668955 0.355056
618 0.584859 0.414959
619 0.556516 0.318002
620 0.587275 0.364786
621 0.653275 0.405815
622 0.667079 0.656511
623 0.591884 0.387189
624 0.190692 0.0824964
625 0.834569 0.517504
626 0.661223 0.46759
628 0.773134 0.670313
631 0.527031 0.371971
632 0.149345 0.114262
634 0.603989 0.396305
635 0.696279 0.36455
637 0.577962 0.470713
640 0.660455 0.386664
641 0.57585 0.386254
642 0.567485 0.391593
643 0.509969 0.116713
644 0.564037 0.392177
645 0.614961 0.456726
646 0.669528 0.295528
647 0.557302 0.447888
648 0.635259 0.501686
649 0.603988 0.457724
650 0.623206 0.403887
651 0.813227 0.59311
652 0.651296 0.404667
653 0.705332 0.418146
654 0.713611 0.0266051
655 0.927555 0.411056
657 0.57676 0.239533
659 0.634963 0.598287
660 0.622692 0.380431
661 0.636579 0.481286
662 0.614794 0.350769
664 0.590267 0.401046
667 0.700213 0.476393
668 0.715366 0.322152
669 0.546365 0.395204
670 0.663458 0.68012
671 0.581962 0.604624
674 0.851817 0.420307
675 0.577136 0.391248
676 0.533944 0.362689
677 0.618788 0.35235
679 0.519066 0.25538
680 0.74577 0.343727
681 0.609675 0.536596
682 0.397362 0.815065
683 0.690043 0.334533
684 0.539622 0.216526
685 0.569743 0.506029
686 0.794925 0.329491
687 0.608809 0.415271
688 0.597576 0.382202
689 0.732518 0.714669
690 0.728417 0.0376925
691 0.602179 0.501768
693 0.562637 0.438567
694 0.634283 0.457844
696 0.492514 0.0457747
699 0.616901 0.429875
700 0.847032 0.338903
701 0.75494 0.223192
702 0.651632 0.447467
703 0.632405 0.405934
704 0.782354 0.423385
705 0.528493 0.771196
708 0.729297 0.461748
709 0.579764 0.251782
711 0.567548 0.352874
712 0.566812 0.408547
713 0.654005 0.547804
714 0.548177 0.442844
715 0.699731 0.351314
716 0.755911 0.680835
717 0.88764 0.627471
718 0.78408 0.520433
720 0.541404 0.0902775
721 0.604736 0.276837
722 0.739616 0.542314
725 0.615682 0.325702
726 0.600593 0.40901
727 0.576806 0.365089
729 0.554332 0.387295
730 0.643807 0.591436
731 0.605413 0.334432
732 0.825562 0.557771
735 0.643801 0.446373
736 0.635482 0.427573
737 0.565992 0.485599
738 0.720335 0.797428
739 0.683642 0.519458
740 0.665477 0.699722
741 0.54513 0.391361
743 0.596866 0.356967
744 0.632418 0.168431
745 0.803678 0.353942
747 0.679886 0.40167
749 0.440521 0.499445
754 0.567833 0.39689
755 0.584295 0.366078
756 0.553517 0.370918
757 0.903908 0.40847
758 0.621073 0.720252
760 0.226495 0.271645
761 0.230503 0.465201
762 0.395664 0.338849
763 0.280085 0.368694
764 0.427524 0.347596
765 0.450178 0.357084
766 0.268285 0.254452
767 0.373951 0.302257
768 0.404856 0.233149
771 0.191235 0.316391
772 0.352421 0.275034
773 0.402735 0.364772
774 0.251539 0.499287
775 0.349989 0.299941
776 0.0684245 0.228559
777 0.407158 0.300583
778 0.355392 0.310794
779 0.411763 0.307456
780 0.0822456 0.184471
781 0.399133 0.327479
782 0.459853 0.317714
784 0.253079 0.362388
786 0.386161 0.370344
787 0.35212 0.334935
788 0.464161 0.386183
790 0.281437 0.448438
791 0.397874 0.43293
792 0.377906 0.385316
793 0.344429 0.305065
794 0.521562 0.935846
796 0.304987 0.357787
797 0.349959 0.539817
798 0.491997 0.358904
799 0.0985846 0.468271
800 0.403904 0.0187369
801 0.352091 0.371002
802 0.333304 0.323875
803 0.356203 0.396768
804 0.356513 0.127165
805 0.384615 0.231359
806 0.355023 0.333056
807 0.427938 0.342074
808 0.472686 0.213057
809 0.645045 0.349538
810 0.407707 0.349275
811 0.312333 0.206159
812 0.158966 0.260755
813 0.369174 0.362578
814 0.318239 0.293889
815 0.370933 0.29153
816 0.431671 0.309651
817 0.390953 0.297591
818 0.463115 0.349666
819 0.22464 0.183536
820 0.451365 0.9033
821 0.414009 0.900984
822 0.389351 0.378186
823 0.348391 0.319151
824 0.44204 0.362172
825 0.146787 0.306952
826 0.411128 0.345183
827 0.196855 0.20726
828 0.37857 0.229671
829 0.392671 0.38656
830 0.39606 0.384062
831 0.268294 0.311186
833 0.190599 0.297821
834 0.193916 0.117076
835 0.42461 0.305576
836 0.51144 0.341304
837 0.432052 0.387428
838 0.448257 0.3236
839 0.321511 0.337074
840 0.445813 0.186873
841 0.265024 0.221605
842 0.336277 0.224937
843 0.312432 0.302881
846 0.197939 0.519297
847 0.302701 0.343612
848 0.0754579 0.196414
849 0.208388 0.187125
850 0.414523 0.129055
851 0.356879 0.319639
852 0.423576 0.324115
854 0.312844 0.230571
855 0.301945 0.302073
856 0.435557 0.327004
857 0.469108 0.300717
858 0.23524 0.219746
859 0.36152 0.221058
860 0.39234 0.274636
861 0.61326 0.31453
862 0.376055 0.258121
863 0.115128 0.144297
864 0.321888 0.425114
865 0.376826 0.325287
868 0.230768 0.0276871
869 0.280661 0.349283
870 0.391002 0.165302
871 0.365794 0.182239
872 0.326998 0.273437
873 0.386106 0.256321
874 0.303767 0.265037
875 0.407011 0.19355
876 0.277827 0.204259
878 0.411573 0.342198
879 0.415367 0.378548
880 0.400227 0.321693
881 0.377545 0.414182
882 0.27988 0.369097
883 0.415721 0.292896
884 0.214146 0.0683381
885 0.429747 0.357542
886 0.443278 0.380519
887 0.551042 0.211919
888 0.285307 0.142939
889 0.194016 0.355942
890 0.590189 0.0621322
891 0.397705 0.453708
892 0.398538 0.309864
893 0.372162 0.266785
894 0.217436 0.374516
895 0.428539 0.312895
896 0.582242 0.195105
897 0.385713 0.401289
898 0.386772 0.213232
899 0.274238 0.303841
900 0.395462 0.350822
901 0.373709 0.261034
903 0.216761 0.237747
904 0.319117 0.328159
907 0.399965 0.27988
908 0.341429 0.297873
909 0.42467 0.311527
910 0.333144 0.0209983
911 0.403419 0.492592
912 0.343256 0.544609
913 0.284734 0.23686
914 0.274844 0.184533
915 0.225455 0.322152
916 0.362835 0.294549
918 0.473227 0.269314
919 0.395603 0.309301
920 0.328566 0.116241
921 0.435157 0.291573
922 0.369511 0.368422
925 0.26361 0.241603
926 0.269024 0.144862
927 0.449441 0.348711
929 0.268032 0.121963
930 0.322324 0.296101
931 0.205219 0.381513
932 0.442965 0.353303
933 0.420988 0.281928
934 0.377361 0.365821
935 0.436478 0.353774
936 0.485811 0.344149
937 0.353663 0.382297
938 0.452377 0.289489
939 0.345404 0.0496419
940 0.355703 0.383157
941 0.417821 0.348655
942 0.343464 0.380592
943 0.444484 0.363862
944 0.438848 0.295334
945 0.314501 0.0
946 0.346609 0.260643
947 0.459429 0.275486
949 0.31746 0.286027
950 0.377242 0.386434
951 0.315045 0.141101
952 0.38855 0.359132
953 0.397605 0.329932
954 0.209179 0.332596
955 0.292752 0.392605
956 0.38529 0.351233
958 0.267929 0.355727
959 0.333288 0.388035
960 0.10262 0.199994
961 0.43812 0.320193
962 0.345792 0.472193
963 0.385976 0.314754
964 0.347365 0.225283
965 0.247455 0.304256
966 0.389683 0.318162
967 0.471782 0.356382
968 0.468207 0.240155
970 0.519773 0.22872
971 0.382163 0.310313
972 0.421716 0.319054
973 0.440625 0.320951
974 0.37707 0.301364
975 0.336499 0.423167
977 0.441939 0.244032
978 0.242396 0.535521
979 0.489878 0.299384
980 0.367637 0.314538
981 0.36416 0.318509
982 0.353962 0.3823
983 0.293075 0.509371
984 0.227605 0.435161
987 0.0474331 0.305256
988 0.375205 0.332411
989 0.333946 0.236289
990 0.429025 0.308036
991 0.312141 0.324907
992 0.288497 0.279612
993 0.388794 0.383099
994 0.469494 0.213481
995 0.368666 0.249075
996 0.358963 0.280538
998 0.415101 0.380085
1000 0.344262 0.285236
1001 0.448738 0.393293
1003 0.355022 0.414279
1004 0.452021 0.376776
1005 0.217615 0.214329
1006 0.170427 0.18168
1007 0.392826 0.293982
1008 0.354666 0.301454
1009 0.280785 0.317258
1010 0.375753 0.270566
1013 0.381969 0.324049
1014 0.364594 0.0720377
1015 0.368 0.262635
1017 0.0530293 0.316309
1018 0.205707 0.538424
1019 0.204735 0.256499
1020 0.467116 0.292551
1021 0.471297 0.379597
1023 0.331734 0.522198
1024 0.328296 0.353387
1025 0.190154 0.431046
1026 0.311318 0.274354
1028 0.368125 0.389902
1029 0.341254 0.0323694
1030 0.0650501 0.214867
1031 0.410725 0.382985
1034 0.326061 0.117274
1036 0.344136 0.360007
1037 0.330308 0.361243
1038 0.445801 0.268448
1040 0.432635 0.275478
1041 0.411304 0.340386
1042 0.423112 0.11726
1044 0.418631 0.443857
1045 0.378839 0.30645
1046 0.285802 0.764575
1047 0.407407 0.35924
1048 0.420272 0.352494
1049 0.412891 0.307559
1051 0.434533 0.333352
1052 0.424019 0.364155
1053 0.379627 0.33178
1054 0.395748 0.275483
1055 0.428769 0.306499
1057 0.350203 0.170885
1058 0.34595 0.163555
1060 0.396089 0.528893
1061 0.383137 0.362208
1062 0.315782 0.325535
1063 0.480103 0.333662
1064 0.172168 0.165462
1065 0.348218 0.264733
1067 0.407599 0.375141
1068 0.329101 0.185799
1069 0.357144 0.333279
1070 0.354176 0.461263
1071 0.397429 0.235632
1072 0.263807 0.373181
1074 0.605165 0.244711
1075 0.298068 0.497506
1076 0.36939 0.230506
1077 0.243833 0.342842
1078 0.233832 0.149936
1079 0.600787 0.0663212
1080 0.238585 0.333763
1081 0.381736 0.3037
1082 0.378639 0.213505
1083 0.37189 0.435838
1084 0.330322 0.147414
1085 0.489027 0.285322
1086 0.473624 0.351277
1087 0.140319 0.264366
1088 0.360859 0.346829
1089 0.81573 0.225247
1090 0.210117 0.352307
1091 0.402909 0.298757
1092 0.365732 0.348966
1093 0.282687 0.304828
1095 0.379716 0.290058
1096 0.368957 0.394253
1097 0.24854 0.14623
1099 0.608842 0.662021
1100 0.46295 0.141208
1101 0.378148 0.314799
1102 0.160329 0.379423
1103 0.392507 0.332762
1104 0.426105 0.332509
1105 0.281147 0.234188
1106 0.381964 0.242391
1108 0.372487 0.28985
1109 0.466902 0.418806
1112 0.401833 0.353424
1113 0.420836 0.388822
1114 0.341419 0.399962
1115 0.352169 0.367825
1116 0.176452 0.333611
1117 0.480222 0.389086
1119 0.470807 0.103897
1121 0.42695 0.317081
1122 0.36632 0.33427
1123 0.345259 0.338001
1124 0.347646 0.197604
1125 0.420399 0.330634
1126 0.32151 0.315659
1127 0.25004 0.352016
1128 0.349469 0.416274
1129 0.163543 0.395088
1130 0.310376 0.25064
1131 0.629127 0.457863
1133 0.332606 0.338904
1134 0.395253 0.392262
1135 0.388324 0.329805
1136 0.376342 0.111533
1139 0.430545 0.240826
1140 0.496491 0.308376
1141 0.331815 0.339945
1144 0.420677 0.253535
1145 0.245607 0.176466
1146 0.292934 0.290541
1148 0.397227 0.278266
1149 0.394201 0.205154
1150 0.376862 0.319298
1152 0.449715 0.3649
1153 0.400201 0.341885
1154 0.326424 0.26314
1155 0.381208 0.459176
1156 0.298076 0.183894
1157 0.0613927 0.227524
1158 0.312369 0.213751
1159 0.345577 0.241907
1160 0.277607 0.0507842
1161 0.414581 0.313099
1162 0.433251 0.296239
1163 0.389939 0.314345
1164 0.390375 0.311401
1165 0.198166 0.259567
1166 0.445604 0.309908
1167 0.321925 0.206526
1168 0.407951 0.268904
1169 0.272673 0.495946
1170 0.397447 0.106727
1171 0.417444 0.16803
1172 0.360774 0.345433
1175 0.220214 0.381586
1176 0.405569 0.554402
1177 0.419132 0.312111
1178 0.0478739 0.290278
1179 0.454264 0.346948
1180 0.441459 0.452637
1182 0.0576378 0.239346
1183 0.412072 0.768872
1184 0.382335 0.0658037
1185 0.39482 0.32804
1186 0.530412 0.169223
1187 0.394769 0.306844
1188 0.15167 0.42904
1189 0.709906 0.584753
1190 0.174337 0.210018
1191 0.412479 0.331874
1192 0.338894 0.339934
1193 0.38329 0.573646
1194 0.277152 0.270629
1195 0.389216 0.34186
1196 0.210138 0.204887
1197 0.398273 0.233099
1198 0.2889 0.463579
1199 0.286057 0.384944
1200 0.412969 0.391637
1201 0.276873 0.337427
1202 0.413676 0.375412
1203 0.504624 0.187946
1204 0.346745 0.140331
1205 0.306861 0.392321
1206 0.174486 0.385662
1207 0.336956 0.240501
1208 0.173835 0.486701
1209 0.43932 0.33541
1210 0.297002 0.312776
1211 0.420767 0.283439
1212 0.478017 0.318921
1213 0.231676 0.204698
1214 0.381663 0.343494
1215 0.365514 0.302685
1216 0.446014 0.410453
1217 0.395429 0.346549
1218 0.314037 0.343152
1219 0.259041 0.339946
1220 0.322554 0.259597
1221 0.380842 0.278434
1222 0.403061 0.356975
1223 0.446896 0.345458
1224 0.229345 0.246569
1225 0.533038 0.578996
1226 0.33777 0.387096
1227 0.361357 0.260929
1229 0.696213 0.448301
1231 0.425251 0.308495
1232 0.389215 0.350299
1233 0.855252 0.300963
1234 0.406686 0.120253
1236 0.43042 0.346023
1237 0.440425 0.225977
1238 0.408902 0.258329
1239 0.428923 0.254628
1240 0.303028 0.430386
1242 0.162523 0.192597
1244 0.327799 0.29288
1245 0.414485 0.348774
1246 0.420402 0.353814
1247 0.221076 0.0997365
1249 0.384312 0.197812
1250 0.440732 0.34133
1251 0.341092 0.326611
1252 0.322201 0.406705
1253 0.459864 0.291879
1254 0.369925 0.371919
1255 0.38935 0.229507
1256 0.446614 0.330199
1257 0.44981 0.294784
1258 0.45675 0.254369
1259 0.147482 0.797562
1260 0.137761 0.693568
1261 0.498383 0.180737
1262 0.159957 0.281284
1263 0.292175 0.429768
1264 0.354071 0.233369
1265 0.0566692 0.351144
1266 0.416272 0.414065
1267 0.345456 0.0693957
1268 0.318723 0.407267
1269 0.375082 0.372983
1270 0.415204 0.349076
1271 0.330163 0.381758
1273 0.213853 0.427186
1274 0.31962 0.386282
1275 0.406961 0.29406
1276 0.481658 0.27959
1277 0.42111 0.35124
1278 0.410924 0.247139
1279 0.321364 0.0691391
1280 0.375464 0.389678
1281 0.0720645 0.207275
1282 0.370972 0.288236
1286 0.464307 0.386422
1287 0.346126 0.257924
1288 0.299777 0.232804
1289 0.353631 0.61413
1290 0.295207 0.356725
1291 0.142516 0.504948
1293 0.38697 0.274722
1295 0.446306 0.294072
1296 0.419205 0.379681
1297 0.0585435 0.302212
1298 0.324191 0.305836
1300 0.277017 0.396623
1301 0.337696 0.288375
1302 0.369702 0.516088
1303 0.248601 0.307632
1304 0.0544506 0.262302
1305 0.238368 0.19292
1306 0.40018 0.316661
1307 0.302713 0.169314
1308 0.275462 0.256764
1309 0.375083 0.278391
1310 0.328688 0.188325
1313 0.409891 0.28797
1314 0.475659 0.134647
1315 0.474657 0.245459
1316 0.177787 0.34997
1317 0.435778 0.361558
1318 0.311108 0.360927
1319 0.333516 0.475953
1320 0.413245 0.278618
1321 0.346692 0.249526
1322 0.298012 0.209115
1323 0.27588 0.237252
1325 0.461682 0.344307
1326 0.491657 0.309707
1328 0.375214 0.348668
1329 0.452632 0.335232
1330 0.413701 0.327045
1331 0.512701 0.0556285
1332 0.411686 0.193147
1333 0.399444 0.389153
1334 0.367926 0.36502
1335 0.449888 0.235667
1336 0.0597188 0.285966
1337 0.458364 0.308482
1338 0.196256 0.219667
1339 0.365664 0.362314
1340 0.256659 0.415194
1341 0.222479 0.161513
1342 0.273767 0.399306
1343 0.0647757 0.249413
1344 0.239487 0.281334
1345 0.409894 0.400318
1346 0.3294 0.354866
1348 0.372799 0.326566
1349 0.279093 0.413725
1350 0.243225 0.255724
1351 0.388868 0.342014
1352 0.41216 0.317409
1353 0.0492366 0.275893
1354 0.432255 0.0850759
1355 0.473384 0.176391
1356 0.328904 0.260248
1357 0.409003 0.330079
1359 0.314876 0.317983
1360 0.438787 0.334942
1361 0.322644 0.157592
1362 0.405841 0.382015
1364 0.312228 0.316477
1365 0.312493 0.108874
1366 0.274419 0.282282
1367 0.186528 0.288631
1368 0.393833 0.147517
1369 0.346271 0.27256
1371 0.401919 0.253574
1372 0.293247 0.329605
1373 0.315348 0.367367
1374 0.38841 0.278495
1375 0.312614 0.23993
1377 0.0524914 0.327049
1378 0.446135 0.12094
1379 0.373388 0.162999
1380 0.704259 0.442698
1381 0.465574 0.376789
1382 0.45977 0.415504
1383 0.326008 0.356804
1384 0.379303 0.310075
1385 0.152999 0.341479
1387 0.362279 0.40854
1388 0.263341 0.196732
1389 0.357864 0.281671
1390 0.406795 0.320935
1391 0.458831 0.115656
1392 0.45381 0.350374
1393 0.264806 0.152517
1394 0.462967 0.330384
1395 0.454919 0.231408
1396 0.332891 0.268619
1397 0.117062 0.339471
1398 0.209465 0.479836
1399 0.368462 0.335554
1401 0.455897 0.379144
1402 0.312067 0.290279
1403 0.288705 0.334855
1404 0.257542 0.249714
1405 0.119075 0.365885
1406 0.344373 0.282739
1407 0.397215 0.409723
1408 0.367131 0.273618
1409 0.419752 0.404347
1410 0.414343 0.317938
1411 0.334224 0.315071
1412 0.403015 0.274216
1413 0.460413 0.290925
1414 0.355641 0.319531
1415 0.157429 0.209919
1416 0.152587 0.210125
1417 0.520088 0.258889
1418 0.414412 0.314232
1419 0.37538 0.413215
1420 0.395168 0.259766
1421 0.310067 0.264101
1422 0.32081 0.373426
1423 0.348202 0.344031
1425 0.432828 0.268149
1426 0.396133 0.245302
1427 0.451501 0.339536
1428 0.0609462 0.270386
1429 0.414161 0.363834
1430 0.448681 0.361688
1431 0.343319 0.305015
1432 0.367643 0.283965
1433 0.190046 0.387946
1434 0.201534 0.286973
1435 0.42418 0.377295
1436 0.363325 0.243354
1437 0.43971 0.320459
1438 0.346087 0.358105
1439 0.501145 0.365276
1440 0.30852 0.506549
1441 0.405593 0.287484
1442 0.280013 0.156647
1444 0.414713 0.261864
1445 0.360563 0.38015
1446 0.417415 0.42241
1447 0.326002 0.499702
1448 0.192787 0.127855
1449 0.347297 0.346907
1450 0.203685 0.281912
1451 0.435134 0.234692
1454 0.246425 0.165447
1455 0.347189 0.365415
1456 0.408758 0.234572
1457 0.305228 0.374007
1458 0.310384 0.401876
1459 0.424311 0.328583
1460 0.320134 0.281092
1461 0.439974 0.338419
1463 0.466597 0.358887
1467 0.052463 0.251343
1468 0.30916 0.161582
1469 0.194984 0.309068
1470 0.162623 0.32003
1471 0.335947 0.374391
1472 0.286988 0.306509
1473 0.460163 0.406234
1474 0.0548504 0.338058
1475 0.345121 0.346788
1476 0.461191 0.274411
1477 0.631679 0.31451
1478 0.458461 0.352679
1479 0.411756 0.334216
1481 0.401942 0.0721621
1482 0.413602 0.357987
1484 0.27539 0.472604
1485 0.145577 0.242335
1486 0.109996 0.303571
1487 0.305757 0.30721
1488 0.0685245 0.169298
1489 0.261179 0.28734
1490 0.0970228 0.392056
